-,-,-
353.05,-686.29,787.51
531.63,-521.69,167.07
473.53,-519.37,276.82
34.74,-517.18,1293.6
322.36,-572.05,1184.48
364.59,-637.53,887.98
463.91,-742.3,574.28
424.73,-527.74,274.94
561.46,-581.82,191.91
677.83,-652.74,-291.03
886.35,-708.87,-663.09
1634.92,-1486.35,-2848.36
2717.27,-1850.66,-2042.53
202.13,-1272.4,-238.13
1870.92,-93.42,-68.91
72.8,3931.67,3172.31
-1515.35,1552.41,-292.28
443.46,-1053.29,-237.28
1243.7,-237.71,178.61
-220.45,-1047.19,53.29
1159.56,-1076.1,-42.35
680.49,-926.43,283.11
890.97,-850.47,147.5
283.47,-187.91,1039.99
763.12,-487.13,803.16
-274.82,-333.0,533.26
416.8,-510.29,822.05
54.31,-792.65,466.79
218.91,-826.07,709.34
1744.18,-1468.83,526.34
493.78,-266.0,1028.3
-482.3,-218.88,858.89
426.51,-518.79,649.16
224.82,-560.44,1089.67
671.66,-518.83,834.74
200.78,-451.13,826.14
214.59,-569.45,695.35
246.83,-672.29,1036.96
358.45,-739.1,685.39
33.95,-745.89,1105.42
-,-,-
368.72,-587.37,752.01
541.36,-267.72,1021.93
913.45,-750.12,1094.03
-92.33,-681.09,1324.77
1097.34,-680.89,917.81
402.59,-637.65,815.61
330.95,-594.56,600.91
305.27,-707.45,679.23
562.49,-561.25,348.19
535.9,-704.45,-472.8
828.45,-713.5,-313.44
1058.94,-732.41,-1077.9
1785.25,-1995.06,-2541.22
1860.43,-1661.86,-1891.79
-1553.05,-1614.52,-1471.77
1350.35,3909.38,176.78
1611.44,2317.5,188.33
316.48,-859.89,-249.87
1173.64,-12.97,-154.52
626.0,-273.93,56.38
-120.72,-731.96,85.58
843.23,-177.79,189.08
541.26,-311.8,132.8
194.25,-132.33,8.74
704.12,-559.97,669.21
337.4,-1380.17,601.18
621.49,-486.25,1000.79
223.41,-880.5,1004.98
138.61,-675.84,1295.17
-265.45,-749.86,1635.53
-100.19,-526.23,1536.52
-1157.27,-311.15,995.34
1497.71,-22.28,1200.11
-344.07,-501.6,1277.55
-58.58,-430.31,977.16
307.74,-406.69,1103.31
-108.24,-278.77,986.44
-8.36,-292.22,1088.38
55.92,-226.3,982.2
91.72,-233.48,983.94
-,-,-
1029.48,-686.87,1148.43
-507.66,-340.23,978.78
373.56,-601.96,849.76
580.38,-819.05,1753.01
91.66,-742.6,1219.01
397.51,-750.6,1042.77
199.76,-641.65,878.47
179.55,-641.21,446.06
500.08,-678.57,56.45
640.08,-553.98,-169.85
756.18,-739.36,-877.47
927.47,-1218.56,-986.97
1394.22,-1319.64,-1920.53
2682.6,-1921.21,-2648.9
209.37,-1224.3,-426.47
1199.45,2565.26,758.44
216.71,2452.11,-437.46
-976.86,711.94,-220.87
1149.88,-536.61,399.09
613.89,-580.03,-237.58
662.73,-827.96,-141.44
378.69,-371.76,458.76
584.39,-343.74,403.55
1.69,-771.65,380.19
1004.64,-393.44,912.77
319.37,-816.61,618.2
350.13,-943.97,1116.28
-68.3,-1056.94,802.59
77.97,-653.66,1253.71
-41.47,-1023.56,847.42
-1585.24,-297.26,962.58
1356.98,-329.9,1077.74
-1855.27,8.11,1061.85
302.15,-622.7,1095.43
55.21,-507.78,1018.99
20.28,-538.97,955.79
53.11,-477.79,993.39
-17.64,-383.36,1079.42
4.25,-397.5,898.1
333.84,-412.64,1047.98
-,-,-
1118.05,-481.41,1014.09
46.31,-566.15,1427.85
597.87,-662.49,1050.83
236.22,-459.11,1472.36
95.03,-523.41,810.72
481.45,-908.63,517.22
455.91,-575.54,388.27
413.04,-548.97,-54.02
505.02,-642.2,-439.55
648.39,-572.57,-603.19
1022.43,-1176.82,-1533.21
2281.52,-1518.12,-2972.83
637.18,-1004.58,-714.39
-1276.13,-600.9,1290.77
1814.67,3806.72,-1749.93
-3119.11,2109.63,527.39
1067.54,-271.76,-231.55
787.32,-1558.45,925.5
881.7,-705.68,575.97
245.24,-859.08,644.16
470.33,-611.44,984.86
533.84,-1060.25,593.31
524.32,-369.62,800.56
166.31,-108.48,984.28
-638.75,-142.58,589.01
751.59,-350.17,695.53
-104.56,-479.31,726.97
544.28,-282.25,759.33
231.42,-622.82,824.43
626.56,-310.76,910.45
493.82,-458.59,917.87
273.5,-495.06,779.71
224.67,-497.81,829.96
135.87,-486.6,860.4
570.44,-499.16,877.66
-61.79,-661.71,783.18
531.43,-628.63,898.08
223.61,-712.49,1007.38
260.72,-756.15,867.82
247.38,-499.22,1070.49
-,-,-
954.44,-503.15,1003.19
473.4,-552.99,1293.54
615.85,-489.44,1125.51
130.41,-401.85,1358.85
211.84,-601.79,1018.38
342.28,-642.84,639.32
368.68,-655.31,473.67
682.92,-594.6,99.37
609.02,-695.82,-320.05
1018.36,-762.53,-1047.46
895.31,-1140.81,-873.84
2547.22,-1500.05,-3169.6
-35.23,-1568.34,-785.24
564.99,229.98,39.96
-3955.21,4249.49,2326.69
114.87,1095.72,-49.88
367.16,-166.3,-482.8
691.91,-531.63,-50.28
415.72,-696.85,-345.77
391.04,-390.54,216.16
579.73,-199.55,359.06
220.0,-106.16,541.63
340.13,-599.08,626.44
379.96,-139.13,748.76
-507.95,-1028.23,1075.56
832.06,-327.74,1155.94
-837.03,-514.22,1239.35
343.97,-594.14,1421.69
-64.63,-464.71,1365.58
-266.88,-389.78,1492.05
3350.81,-306.62,692.44
-115.14,-109.75,1280.45
-455.53,-249.63,1298.66
194.84,-110.44,1144.46
24.07,-100.67,1035.16
84.42,-112.87,1102.5
126.71,-131.71,949.11
208.43,-81.31,1069.0
158.19,-30.68,1035.5
-,-,-
369.22,-639.11,820.8
534.83,-569.49,171.53
461.79,-549.64,312.62
33.66,-489.9,1269.51
332.5,-566.84,1190.23
344.97,-688.64,823.41
460.68,-653.93,664.14
409.34,-603.96,324.45
585.3,-543.52,195.48
732.09,-761.59,-268.53
779.0,-752.59,-704.28
1697.82,-1641.86,-2824.85
2799.5,-1699.37,-1900.05
184.34,-1307.97,-220.53
1868.11,-103.18,-69.83
63.88,3740.57,3069.29
-1333.43,1299.01,-276.97
467.91,-1032.64,-258.56
1217.79,-229.22,175.46
-210.36,-1018.22,44.91
1038.64,-1204.64,-47.29
708.97,-958.41,274.94
932.61,-840.84,125.98
298.79,-187.81,912.8
675.15,-477.77,823.18
-275.39,-354.31,480.36
468.97,-554.75,771.18
56.07,-798.62,452.33
213.57,-811.44,672.16
1915.74,-1456.29,523.65
417.0,-273.58,1072.56
-462.43,-198.22,792.27
429.49,-510.03,679.18
259.52,-507.22,1035.93
638.02,-470.64,790.53
198.12,-459.5,883.89
221.99,-561.5,755.69
250.23,-626.4,1127.59
352.06,-651.76,730.14
30.23,-710.85,1069.86
-,-,-
371.87,-570.44,699.37
469.71,-250.02,1068.46
882.4,-696.18,938.38
-90.7,-771.45,1378.38
1159.42,-692.15,996.6
374.78,-602.5,877.88
336.39,-592.66,581.28
321.07,-731.01,699.45
533.17,-640.79,304.23
592.1,-715.76,-499.58
862.64,-728.76,-302.68
1046.79,-718.51,-1021.88
1964.69,-1841.69,-2816.9
1965.29,-1697.44,-2034.48
-1397.29,-1660.07,-1458.88
1249.17,3768.06,156.97
1707.76,2232.57,170.47
326.41,-848.47,-271.18
1131.17,-11.75,-128.26
573.83,-268.64,60.46
-119.72,-714.51,83.33
792.04,-165.2,210.18
532.03,-327.42,126.34
171.35,-136.98,7.73
695.09,-542.76,629.18
390.05,-1153.06,614.82
667.14,-484.27,947.59
209.02,-914.05,1025.91
144.62,-651.49,1298.4
-276.03,-734.36,1652.15
-101.12,-582.09,1563.54
-1158.01,-328.55,946.68
1616.27,-22.75,1189.43
-358.76,-501.76,1261.0
-54.46,-414.85,1092.75
334.49,-407.87,1039.18
-118.71,-246.25,1097.64
-9.11,-279.88,1035.7
67.9,-245.57,936.67
82.34,-225.29,897.46
-,-,-
1000.0,-682.45,1010.74
-457.12,-388.83,1014.78
384.79,-704.18,916.53
566.16,-714.91,1497.69
100.12,-776.23,1153.39
397.6,-677.07,1205.41
222.19,-675.51,993.97
168.59,-672.27,484.34
495.34,-560.78,65.09
604.71,-555.31,-148.99
719.33,-775.02,-790.37
897.78,-1223.35,-935.6
1529.7,-1330.84,-2100.74
2303.11,-1767.78,-2440.28
206.65,-1394.35,-454.37
1276.65,2808.83,764.33
217.69,2223.18,-418.34
-902.78,839.14,-219.58
1216.88,-478.75,441.25
558.12,-594.64,-228.3
661.81,-908.68,-146.1
383.34,-409.49,445.33
598.3,-349.76,385.25
1.54,-680.79,434.75
1064.27,-466.36,919.86
335.35,-945.86,613.96
322.99,-853.5,1039.98
-70.56,-1215.38,826.39
84.3,-752.92,1172.32
-41.01,-995.29,896.82
-1431.88,-336.43,999.3
1238.04,-346.78,1077.89
-1615.42,8.63,1067.48
356.25,-595.27,1134.26
51.9,-481.02,980.39
23.55,-521.13,1028.49
52.53,-444.42,1007.34
-17.47,-437.02,1035.52
4.1,-352.86,922.45
339.75,-376.75,908.78
-,-,-
1151.59,-457.33,909.89
50.81,-508.72,1434.12
598.9,-601.75,1002.84
237.73,-447.39,1350.01
80.04,-593.94,841.44
536.16,-767.33,514.85
395.43,-535.21,386.69
422.65,-569.12,-57.51
523.28,-583.43,-440.98
774.77,-610.05,-580.92
1056.72,-1049.4,-1659.7
2070.45,-1725.37,-2852.73
611.32,-957.57,-642.54
-1168.43,-639.13,1100.84
1578.29,3858.44,-1545.01
-2796.62,1867.66,453.16
989.51,-242.1,-221.5
694.93,-1314.58,1051.27
856.97,-704.17,572.77
243.95,-791.94,665.92
425.52,-614.08,1138.91
535.84,-1179.08,566.63
461.43,-349.46,797.62
163.84,-92.39,925.26
-703.98,-130.61,528.76
705.18,-394.48,709.97
-110.9,-402.52,779.08
571.1,-322.58,859.01
267.17,-548.57,826.08
604.48,-326.68,777.33
516.46,-491.87,937.65
262.86,-484.71,794.17
251.45,-465.72,932.03
143.03,-518.04,898.95
559.23,-490.78,839.47
-60.15,-668.56,821.2
445.58,-558.87,952.27
197.22,-720.53,1004.46
283.67,-744.28,784.24
243.94,-518.22,905.57
-,-,-
1085.36,-547.46,1064.28
414.25,-531.33,1306.74
697.1,-470.77,1048.97
133.06,-456.47,1486.73
208.89,-656.32,879.71
307.79,-657.54,653.73
391.06,-665.71,446.88
684.0,-542.9,88.82
577.19,-658.13,-318.81
1031.37,-833.54,-1056.6
806.82,-1243.95,-885.46
2451.57,-1507.1,-3003.25
-33.91,-1584.76,-854.21
583.47,257.07,42.5
-3709.33,3700.18,2372.81
109.25,1218.44,-55.32
345.02,-151.79,-424.47
762.97,-533.74,-50.89
456.51,-763.77,-314.27
388.18,-445.58,204.22
514.77,-230.54,363.94
239.07,-109.91,524.66
365.87,-578.86,644.36
363.86,-127.11,678.43
-450.39,-1002.13,951.42
920.3,-284.16,1212.55
-770.32,-477.86,1076.44
308.77,-568.01,1329.97
-66.23,-494.55,1409.12
-285.83,-419.87,1538.11
3445.98,-309.01,779.44
-116.26,-118.33,1219.24
-522.43,-245.32,1213.51
219.94,-110.29,1070.96
25.46,-107.31,1079.02
80.79,-111.74,995.01
124.37,-123.99,1020.07
176.57,-69.28,946.73
144.86,-27.43,924.68
-,-,-
376.27,-768.47,872.0
523.06,-538.15,193.56
429.16,-575.35,318.16
37.18,-536.12,1254.03
323.54,-591.85,1013.06
338.96,-704.38,748.51
509.49,-623.71,583.26
490.77,-568.53,307.73
575.63,-591.39,163.86
727.44,-724.03,-282.89
788.45,-676.85,-632.39
1753.18,-1560.63,-3093.1
2634.24,-1536.41,-2132.84
189.28,-1369.73,-223.47
1978.14,-92.73,-63.13
70.04,4236.21,2802.57
-1280.19,1301.98,-284.2
484.67,-1022.72,-231.54
1266.52,-274.63,188.04
-224.27,-1103.54,53.25
1033.25,-1066.49,-41.3
687.61,-914.63,304.43
835.08,-872.69,146.34
295.62,-195.31,933.86
685.5,-440.97,869.12
-265.34,-348.31,491.4
490.02,-534.67,905.84
48.75,-727.42,432.35
223.05,-830.54,789.19
1998.39,-1428.73,455.65
452.21,-288.16,977.71
-460.65,-203.64,874.93
428.51,-444.54,695.66
264.42,-550.84,1158.15
756.89,-521.34,766.58
213.08,-464.55,853.8
229.25,-675.79,779.1
257.11,-685.61,1070.56
338.32,-705.93,769.36
35.11,-759.58,1021.37
-,-,-
345.02,-628.28,695.99
536.48,-248.13,1079.48
889.86,-782.46,1044.28
-103.09,-790.98,1431.79
1020.23,-601.67,1072.17
373.28,-581.79,794.77
338.22,-632.09,504.46
333.63,-709.45,685.11
538.25,-579.2,334.23
559.89,-674.11,-465.43
899.27,-648.44,-336.03
1097.17,-838.21,-980.62
1725.75,-2111.31,-2802.2
2068.15,-1624.85,-2207.61
-1597.45,-1747.65,-1335.49
1176.29,3962.35,158.43
1425.26,2251.51,193.18
348.63,-744.0,-289.07
1195.05,-12.83,-138.18
629.87,-270.44,58.75
-116.34,-793.11,92.23
909.54,-180.14,195.45
592.99,-312.76,120.69
179.67,-143.59,9.03
715.85,-526.93,675.72
382.39,-1246.55,567.7
609.95,-458.66,1053.55
199.32,-956.28,1109.93
163.46,-706.5,1334.14
-279.89,-695.3,1648.07
-113.59,-546.25,1422.21
-1127.99,-283.28,957.55
1506.35,-21.32,1362.77
-331.24,-509.29,1208.9
-54.09,-436.12,1005.5
291.78,-418.86,1009.3
-110.98,-281.37,1165.11
-8.46,-287.47,1053.03
61.51,-250.28,954.94
84.5,-270.01,940.0
-,-,-
990.22,-748.23,1156.14
-460.25,-355.65,1004.49
362.38,-648.81,957.39
603.98,-819.88,1557.53
97.52,-762.84,1188.58
423.53,-765.45,1051.54
205.66,-699.38,978.87
174.52,-671.34,430.25
446.22,-658.67,60.04
600.79,-577.67,-151.93
742.22,-786.95,-808.62
962.91,-1077.81,-1059.7
1407.57,-1400.74,-1725.29
2646.64,-1962.89,-2708.9
207.77,-1294.65,-430.57
1181.92,2593.63,763.93
240.58,2503.83,-482.76
-976.95,820.79,-247.45
1178.55,-529.81,390.84
563.01,-667.89,-248.98
665.87,-896.29,-140.9
349.31,-375.19,402.46
572.85,-319.02,433.91
1.47,-730.36,428.79
964.32,-412.24,860.05
334.09,-853.56,620.75
325.03,-851.33,1164.56
-74.95,-1054.31,806.91
77.23,-672.61,1333.56
-47.08,-1048.93,759.0
-1433.51,-337.69,1075.44
1334.85,-357.67,1027.27
-1718.19,8.41,1096.25
324.48,-667.64,1084.42
61.03,-541.98,1086.03
23.47,-505.63,955.69
58.46,-471.1,932.75
-15.89,-386.37,1133.64
4.47,-355.6,964.47
314.8,-406.15,937.52
-,-,-
1153.01,-447.62,960.17
49.5,-514.88,1574.2
550.97,-638.32,1003.67
240.14,-467.5,1390.67
81.29,-576.54,907.65
523.79,-764.17,452.35
412.39,-531.08,388.95
410.8,-527.84,-52.84
615.38,-646.2,-385.29
739.77,-634.26,-565.6
1027.08,-1117.4,-1615.2
2244.71,-1672.3,-2731.06
682.62,-1045.42,-644.04
-1264.9,-634.2,1141.96
1790.82,4030.37,-1633.95
-2938.68,1875.55,481.59
994.98,-250.93,-207.11
803.21,-1399.41,1016.47
906.94,-704.53,580.25
277.93,-835.13,641.35
470.81,-538.68,960.56
558.32,-1055.32,615.81
512.31,-316.45,748.81
139.05,-96.76,892.36
-684.99,-153.68,528.88
699.1,-380.67,760.71
-99.38,-447.47,773.46
476.69,-308.69,775.94
241.47,-587.93,748.5
618.97,-317.15,798.98
481.37,-501.23,878.89
255.84,-434.86,781.37
232.13,-444.14,952.88
123.26,-505.48,788.15
612.63,-495.87,830.78
-56.9,-642.39,878.81
522.49,-519.69,942.04
225.3,-671.36,1027.03
292.82,-748.25,760.58
225.9,-609.0,953.08
-,-,-
1054.0,-576.02,1059.39
403.59,-563.15,1444.41
710.35,-434.71,1100.09
154.15,-463.0,1394.4
220.85,-705.59,1019.74
292.26,-572.79,718.26
366.38,-611.03,485.45
671.14,-599.04,85.2
563.78,-653.14,-325.01
934.97,-728.81,-1003.21
972.56,-1167.55,-817.07
2257.3,-1442.97,-3072.19
-31.85,-1840.4,-837.88
580.87,220.26,38.69
-3955.89,4061.33,2424.96
99.28,1129.33,-55.76
381.48,-158.34,-471.49
775.89,-523.57,-50.78
475.76,-741.89,-307.67
402.06,-454.27,184.34
576.35,-206.14,307.73
211.26,-122.95,540.45
362.92,-575.53,701.09
406.43,-123.13,729.37
-470.37,-934.14,923.52
872.03,-305.9,1223.05
-780.55,-500.68,1068.92
317.46,-626.13,1263.56
-74.93,-509.77,1412.55
-250.25,-397.1,1552.85
3290.16,-284.62,671.08
-137.75,-114.83,1287.67
-485.19,-283.57,1120.8
199.68,-111.65,1170.91
28.25,-104.01,924.78
80.03,-119.75,1028.55
115.77,-129.94,911.77
207.54,-76.99,1082.41
146.74,-29.23,1079.69
-,-,-
341.45,-761.33,896.79
590.02,-600.28,193.07
409.4,-549.65,311.26
37.17,-489.92,1331.66
312.65,-531.09,1032.65
363.76,-685.96,754.98
441.47,-646.25,610.03
490.63,-566.61,288.07
535.4,-578.84,166.21
645.0,-722.02,-313.93
816.17,-765.99,-602.99
1687.82,-1598.15,-3131.16
2705.97,-1842.1,-2072.77
206.17,-1250.34,-234.04
1981.02,-91.38,-68.32
65.64,3633.55,3063.38
-1302.19,1389.18,-261.82
445.46,-1139.91,-241.56
1226.03,-237.02,166.7
-234.23,-1029.75,46.98
1117.99,-1091.99,-43.73
737.01,-894.77,301.3
914.38,-871.18,134.77
306.38,-190.41,1034.71
684.33,-438.51,871.63
-303.96,-382.47,523.77
412.59,-557.75,804.41
56.73,-853.4,482.61
205.06,-877.84,812.61
1726.47,-1610.38,544.16
460.36,-317.74,1083.48
-470.08,-197.51,816.75
417.81,-510.26,642.57
257.61,-582.6,1112.61
760.94,-479.87,768.32
222.24,-424.23,936.25
196.5,-671.3,788.18
227.87,-647.65,956.83
322.47,-679.33,778.74
30.07,-744.5,1049.47
-,-,-
346.0,-574.5,730.35
510.27,-241.8,1109.86
768.11,-744.79,1075.88
-92.38,-694.57,1458.07
1116.96,-688.35,1062.32
387.32,-619.59,886.99
334.63,-616.02,505.93
295.9,-832.07,658.2
578.96,-592.76,301.61
532.19,-652.57,-509.25
927.9,-723.43,-303.88
1036.67,-807.69,-954.87
2035.9,-1870.45,-2941.48
2123.2,-1523.34,-2199.18
-1449.25,-1794.09,-1342.42
1172.23,4068.72,153.55
1447.04,2226.74,176.8
353.04,-759.42,-264.75
1264.73,-12.78,-151.52
632.56,-284.33,63.85
-116.43,-824.85,94.56
773.64,-182.04,187.57
547.1,-321.81,125.89
195.78,-143.06,8.42
652.72,-579.76,616.86
399.58,-1171.59,616.04
582.31,-516.07,977.08
210.52,-945.32,1080.67
136.26,-728.83,1281.79
-274.46,-713.37,1442.32
-103.84,-524.07,1499.25
-1101.87,-326.71,1105.87
1432.44,-22.8,1299.85
-296.15,-515.93,1052.06
-64.17,-442.11,959.8
304.11,-416.0,960.58
-110.07,-283.63,988.21
-9.0,-259.01,942.5
62.45,-272.81,941.86
88.0,-246.37,940.36
-,-,-
1034.25,-763.58,1032.59
-477.66,-349.55,960.97
368.56,-622.9,883.71
583.49,-769.79,1681.81
94.16,-748.54,1079.71
353.72,-760.52,1077.62
220.26,-624.61,885.11
178.49,-562.15,472.2
462.46,-662.41,65.89
566.01,-542.85,-156.4
851.48,-776.31,-813.93
994.66,-1201.04,-1073.18
1517.21,-1326.85,-1722.46
2411.85,-1651.51,-2587.12
208.58,-1231.9,-456.25
1160.41,2976.42,715.67
230.86,2432.96,-449.8
-965.63,719.91,-233.9
1132.97,-521.03,442.09
599.04,-636.0,-249.76
643.66,-865.68,-147.82
344.58,-364.85,389.13
547.3,-316.23,454.01
1.71,-684.37,378.72
1083.59,-415.73,875.8
330.47,-925.12,704.23
334.01,-811.44,1142.08
-69.98,-1184.36,802.78
73.21,-728.2,1204.77
-40.45,-989.3,792.53
-1404.62,-310.67,1086.09
1177.49,-375.54,1029.09
-1545.11,8.8,1036.05
338.13,-585.03,1104.61
59.79,-484.7,1000.36
20.39,-518.36,947.35
54.1,-431.86,1055.02
-16.99,-422.38,995.73
4.75,-368.68,908.36
317.01,-432.04,946.54
-,-,-
1185.61,-453.55,955.71
47.8,-475.32,1480.28
550.98,-621.39,1047.87
231.84,-463.98,1443.21
88.8,-565.1,827.12
444.25,-891.26,537.14
400.04,-565.03,392.34
425.58,-621.75,-62.78
568.05,-608.66,-402.91
753.59,-640.19,-538.03
1101.31,-1075.92,-1580.62
2164.24,-1625.93,-2776.41
601.04,-909.58,-710.87
-1313.6,-573.72,1232.49
1849.54,3509.28,-1739.39
-2819.86,2127.78,492.1
982.88,-266.72,-212.23
794.83,-1304.62,1067.26
944.0,-701.34,556.25
250.78,-836.71,716.98
491.15,-521.04,1008.33
573.34,-1016.66,544.19
465.83,-311.98,740.35
148.64,-106.35,1038.38
-671.04,-142.02,604.83
632.36,-368.93,665.63
-111.17,-397.72,741.96
488.36,-283.86,832.01
247.44,-632.91,807.93
654.64,-289.1,757.87
445.92,-432.83,992.52
272.58,-470.76,767.37
215.01,-447.37,791.72
134.45,-553.69,840.95
635.74,-435.71,846.71
-57.26,-590.0,906.89
501.45,-531.69,867.7
198.52,-675.38,993.38
295.95,-764.82,770.04
224.98,-592.77,881.56
-,-,-
1053.54,-516.95,1075.99
435.97,-610.91,1434.06
613.43,-456.5,1109.07
141.95,-428.49,1333.28
233.69,-695.29,981.34
296.15,-600.72,643.67
365.85,-650.65,464.44
656.84,-502.98,88.94
601.14,-744.26,-323.21
925.71,-781.93,-933.3
805.83,-1306.27,-728.31
2147.34,-1598.35,-3122.61
-37.5,-1765.59,-811.23
557.03,221.87,41.02
-3830.15,3903.54,2424.89
103.03,1214.83,-49.36
362.56,-172.14,-443.79
818.84,-557.56,-46.68
492.48,-729.78,-334.98
385.73,-384.91,219.96
521.67,-226.82,313.76
246.25,-122.99,459.8
357.7,-548.66,648.9
372.48,-118.62,663.31
-479.79,-938.96,1023.82
789.96,-277.82,1108.55
-848.89,-518.39,1137.66
304.07,-621.86,1398.3
-68.96,-538.14,1524.37
-251.42,-410.04,1572.86
3885.5,-282.94,739.26
-114.77,-102.9,1119.44
-539.82,-285.6,1161.87
216.64,-124.43,1051.9
27.98,-119.7,939.64
92.39,-112.06,948.93
109.87,-126.32,978.38
182.42,-69.62,1045.74
145.61,-31.08,1003.24
-,-,-
339.72,-670.85,830.76
488.31,-583.07,183.46
423.96,-590.48,289.62
34.3,-509.01,1428.78
339.01,-601.12,1032.8
312.82,-654.95,810.38
430.71,-682.0,586.29
439.95,-544.79,280.1
581.94,-593.15,168.76
724.83,-698.41,-320.53
760.76,-697.5,-665.44
1628.59,-1459.6,-3330.6
2622.02,-1553.81,-2246.86
215.64,-1192.07,-234.34
2126.04,-94.07,-61.0
72.3,3745.86,3057.14
-1528.93,1543.78,-264.41
479.96,-1116.97,-258.26
1213.63,-238.53,181.35
-223.54,-1122.78,43.85
1098.91,-1158.38,-43.59
709.65,-812.73,325.71
840.61,-854.96,143.25
286.95,-187.03,997.95
748.1,-479.01,882.03
-298.33,-332.66,495.21
467.1,-506.26,868.44
48.32,-719.59,483.46
216.31,-777.74,695.48
2061.6,-1406.66,478.42
445.3,-300.65,1130.25
-491.55,-223.25,880.45
378.52,-492.52,602.68
269.97,-606.88,1068.06
647.71,-482.63,762.0
221.0,-404.44,877.47
207.77,-613.35,788.16
232.77,-596.53,994.75
355.33,-712.59,752.85
35.5,-636.71,1070.55
-,-,-
405.62,-621.39,724.46
529.86,-240.64,1127.35
883.95,-781.36,1060.35
-108.39,-799.42,1506.1
1207.51,-690.55,987.78
370.17,-617.01,742.45
306.65,-550.29,502.91
312.26,-818.63,704.73
588.5,-576.18,306.25
548.54,-643.45,-505.68
974.38,-714.17,-342.68
1237.04,-864.82,-910.33
2003.23,-1859.6,-2960.59
2077.59,-1546.84,-1935.42
-1659.36,-1683.0,-1536.98
1142.55,4005.92,163.23
1618.23,2303.98,175.63
301.64,-726.16,-267.43
1173.96,-12.32,-127.97
558.75,-275.43,60.47
-119.56,-769.29,89.13
825.49,-184.6,184.11
538.45,-323.15,114.65
193.9,-140.51,8.45
614.27,-511.87,714.6
350.34,-1381.3,652.35
565.69,-468.33,1049.34
235.09,-858.18,1171.79
149.06,-687.95,1279.56
-251.47,-715.16,1376.95
-114.12,-577.82,1543.55
-1263.87,-296.28,1098.24
1562.32,-22.34,1142.99
-326.79,-605.52,1197.91
-58.2,-408.41,1000.84
299.61,-415.07,1113.17
-105.95,-270.16,1001.09
-9.04,-283.98,1033.23
64.57,-269.07,1051.56
86.31,-244.98,907.84
-,-,-
1008.82,-806.1,1152.96
-512.65,-381.65,1077.98
374.23,-645.47,972.31
562.34,-680.24,1748.0
93.63,-759.0,1152.99
418.37,-697.45,1148.88
215.3,-621.62,905.66
189.19,-639.02,470.03
438.25,-615.04,58.32
613.84,-556.63,-151.78
802.77,-803.2,-920.94
941.67,-1219.47,-1038.32
1340.35,-1187.56,-1971.63
2659.68,-1888.72,-2552.91
206.91,-1391.44,-418.02
1203.06,2573.7,716.44
214.11,2504.45,-428.84
-969.51,852.6,-256.23
1207.2,-487.67,413.78
552.52,-678.44,-254.26
580.58,-850.68,-132.06
346.52,-374.96,437.25
624.95,-304.8,418.78
1.67,-672.31,420.18
1119.55,-442.37,923.24
309.44,-890.77,599.69
315.35,-798.03,1063.37
-65.81,-1200.36,838.39
81.57,-758.99,1149.84
-45.77,-1031.9,880.33
-1557.38,-354.65,1054.19
1191.31,-310.9,964.58
-1619.17,8.84,1024.87
336.53,-583.14,1174.17
58.03,-560.0,924.4
22.87,-484.36,1058.73
49.84,-443.5,950.68
-16.29,-426.88,970.96
4.41,-332.38,927.54
363.45,-455.1,971.84
-,-,-
1009.97,-511.25,1026.22
46.21,-504.37,1564.73
657.97,-608.42,1058.36
201.16,-432.22,1512.16
87.82,-514.7,947.08
525.68,-795.54,513.2
423.04,-508.68,391.42
467.04,-536.11,-58.94
603.75,-653.37,-410.6
762.73,-596.69,-621.78
1216.92,-1053.17,-1597.49
2185.13,-1575.64,-2560.89
671.24,-930.07,-628.6
-1312.69,-569.1,1134.84
1689.72,3586.48,-1665.74
-3007.6,1988.48,449.33
1168.85,-285.69,-222.98
685.92,-1535.1,939.29
957.91,-710.09,635.68
262.07,-730.22,684.97
506.37,-573.28,1020.96
470.14,-1165.72,591.34
508.75,-348.25,752.42
166.54,-92.11,932.54
-600.71,-140.2,575.07
653.25,-398.82,783.54
-98.45,-442.53,679.66
567.39,-287.87,741.55
240.48,-604.94,735.43
628.25,-340.11,770.1
452.34,-507.96,866.07
247.15,-476.82,910.46
256.77,-422.1,855.57
125.68,-515.73,840.6
605.52,-441.76,918.28
-57.63,-650.6,802.44
503.92,-546.43,862.29
196.51,-640.6,892.97
313.26,-719.47,870.65
225.92,-520.67,948.35
-,-,-
908.6,-509.02,1145.67
451.97,-582.55,1445.31
714.92,-476.4,1061.32
135.12,-432.72,1340.7
209.37,-610.05,977.06
342.41,-650.87,741.92
425.2,-637.71,490.81
682.92,-499.47,95.25
584.82,-658.28,-331.34
873.04,-776.39,-1033.59
910.69,-1315.48,-821.67
2213.4,-1605.89,-3111.81
-34.27,-1711.66,-736.12
572.11,224.08,42.06
-4047.7,4353.06,2332.62
113.93,1117.42,-57.0
338.17,-147.45,-470.37
747.94,-506.04,-46.02
421.75,-645.1,-357.29
371.43,-420.13,214.72
548.88,-212.48,358.09
222.29,-109.76,500.9
303.12,-616.03,651.08
360.54,-136.79,710.95
-480.79,-881.65,1024.71
885.07,-312.27,1048.66
-787.6,-466.97,1152.06
329.62,-648.86,1294.3
-64.46,-478.87,1561.5
-255.66,-415.58,1506.83
3649.18,-322.07,688.52
-122.25,-106.44,1265.15
-521.38,-242.88,1148.6
208.43,-108.06,1077.6
25.33,-109.36,957.01
95.92,-116.59,1080.3
110.57,-121.91,852.31
207.64,-79.51,1071.76
146.22,-27.17,1109.98
-,-,-
370.53,-715.4,841.93
583.42,-585.85,192.55
408.47,-592.49,273.4
32.89,-536.38,1410.74
313.24,-536.67,1110.56
364.19,-669.43,825.81
500.1,-655.07,642.69
410.81,-594.27,300.45
535.27,-546.15,188.88
693.93,-731.34,-325.79
809.61,-722.69,-595.19
1843.39,-1607.47,-2944.48
2415.65,-1771.37,-2059.71
184.94,-1243.99,-234.2
2058.62,-94.55,-69.88
71.21,4266.71,2828.68
-1431.01,1464.35,-303.94
506.8,-1032.21,-271.24
1371.23,-233.17,184.78
-218.1,-1175.96,44.41
1063.58,-1073.86,-45.95
751.2,-925.55,333.72
874.73,-787.53,132.67
287.47,-195.64,893.77
705.19,-496.85,898.65
-296.79,-347.05,518.94
428.5,-537.66,811.95
54.07,-833.39,458.59
193.23,-753.49,803.71
1824.0,-1493.9,499.31
416.05,-290.49,1031.51
-457.03,-222.42,856.21
391.37,-520.62,638.63
261.26,-527.03,1007.15
693.77,-498.73,753.21
203.86,-483.18,980.7
226.02,-665.63,794.34
237.98,-647.89,1068.03
342.68,-627.97,740.24
30.04,-654.83,988.08
-,-,-
353.59,-588.71,769.77
540.67,-244.35,1003.4
878.34,-807.52,901.93
-93.84,-790.12,1358.04
1068.89,-616.71,922.2
372.09,-610.1,775.22
304.86,-547.29,588.5
330.04,-769.1,696.25
606.28,-633.24,329.64
489.39,-669.77,-490.19
908.96,-670.98,-321.62
1095.66,-758.62,-970.24
1750.12,-1976.62,-2539.53
1994.49,-1658.67,-1988.46
-1591.31,-1613.52,-1375.69
1305.7,4232.05,168.47
1667.62,1969.41,192.93
314.94,-805.18,-286.39
1172.22,-11.56,-140.26
671.79,-278.59,61.91
-102.96,-820.48,92.81
868.02,-193.01,193.85
529.77,-315.52,114.36
181.83,-127.67,8.36
595.54,-576.99,614.64
346.7,-1326.41,596.59
624.21,-512.49,1019.72
240.94,-888.24,1057.68
154.0,-734.91,1337.58
-242.49,-682.39,1385.68
-103.49,-492.85,1577.8
-1226.62,-289.42,941.29
1610.68,-21.41,1380.35
-359.08,-517.89,1084.43
-61.67,-402.32,967.83
295.12,-392.31,1022.93
-118.72,-254.48,1083.61
-8.12,-256.85,914.75
62.92,-263.16,1104.88
90.09,-251.96,1031.66
-,-,-
1024.37,-792.32,963.79
-492.65,-379.35,986.1
348.68,-677.03,970.72
552.35,-805.09,1660.44
106.7,-704.97,1183.69
365.87,-699.05,1175.36
224.98,-691.77,868.45
168.36,-634.27,499.25
434.36,-625.25,65.24
682.7,-585.62,-156.39
819.18,-769.84,-945.16
924.61,-1167.54,-1055.03
1516.24,-1364.67,-1875.49
2571.31,-1816.03,-2316.34
212.5,-1300.4,-435.14
1362.33,2775.57,690.79
203.88,2280.2,-431.0
-891.65,812.38,-217.67
1158.44,-533.51,423.05
622.34,-593.86,-224.31
573.11,-789.69,-129.6
349.35,-376.18,456.47
579.37,-345.16,406.09
1.59,-676.24,405.32
1071.89,-461.38,901.07
283.82,-902.32,582.53
332.45,-841.36,1009.99
-70.06,-1202.49,825.44
77.12,-671.21,1157.35
-43.32,-1020.08,853.7
-1391.71,-315.53,951.99
1246.87,-325.98,1069.17
-1532.12,8.72,1028.19
336.46,-669.28,1115.9
52.4,-502.99,1051.67
20.74,-461.18,1010.2
56.17,-493.29,904.44
-18.07,-381.57,961.6
4.43,-374.6,1015.7
352.29,-453.7,1045.52
-,-,-
1028.28,-529.68,892.3
52.42,-534.61,1453.51
610.7,-667.78,999.69
222.72,-436.22,1463.8
82.06,-532.08,859.06
478.71,-888.55,498.47
442.77,-583.5,365.14
489.01,-522.8,-55.43
505.26,-555.08,-395.51
740.8,-655.4,-547.13
1153.68,-1071.53,-1665.08
2443.07,-1765.01,-3021.04
666.59,-995.47,-684.84
-1358.48,-596.27,1157.58
1697.46,3875.15,-1756.24
-2845.74,2150.94,460.73
1168.99,-240.44,-200.95
681.14,-1492.85,1017.16
937.93,-645.51,637.97
261.0,-848.74,714.1
454.87,-572.59,1041.04
486.45,-1115.87,536.52
534.44,-334.79,796.5
146.55,-94.43,1054.37
-716.09,-149.42,611.66
737.93,-378.3,711.28
-96.74,-452.44,795.81
487.14,-306.55,852.42
251.45,-637.26,832.96
620.58,-316.52,884.02
453.84,-445.68,913.78
260.04,-475.0,923.27
250.93,-464.81,796.45
126.19,-567.31,901.67
576.16,-464.64,819.97
-54.49,-638.43,904.55
505.01,-538.0,827.98
206.15,-674.89,898.82
271.35,-669.48,803.47
243.41,-504.95,914.83
-,-,-
972.49,-515.34,1104.23
410.02,-575.24,1327.98
695.9,-493.46,1017.59
140.04,-426.54,1430.91
210.27,-651.87,910.84
335.84,-595.3,749.78
380.2,-660.57,439.47
609.39,-571.84,87.17
538.87,-667.6,-326.02
927.05,-711.57,-1012.27
947.5,-1231.75,-731.45
2371.16,-1576.44,-3341.95
-31.55,-1786.51,-861.87
589.68,236.78,40.32
-3999.87,3656.46,2384.29
106.35,1070.86,-48.61
384.49,-171.72,-496.9
764.3,-536.02,-50.33
456.92,-658.93,-306.7
384.8,-388.0,217.04
567.13,-203.68,325.74
216.21,-124.43,529.15
356.63,-532.95,602.2
424.32,-125.67,648.71
-509.42,-985.79,921.15
865.29,-318.16,1247.11
-918.9,-502.71,1200.31
295.57,-632.36,1413.71
-64.38,-502.33,1399.91
-242.98,-425.1,1604.37
3640.77,-332.01,652.4
-134.15,-108.05,1160.94
-504.42,-260.63,1204.54
217.82,-127.82,1113.76
25.83,-101.57,941.8
90.4,-103.3,1012.97
111.93,-129.23,895.57
195.66,-68.6,988.36
140.01,-28.91,1030.75

