 -,-,-
-0.033,-0.996,0.566
0.396,-0.205,2.038
0.143,-0.818,1.204
0.594,-0.249,1.914
-0.444,-0.881,1.321
0.363,-0.553,1.288
0.466,-0.616,0.382
0.200,-0.511,0.297
0.643,-0.675,-0.002
0.198,-0.365,0.089
0.748,-0.555,-1.015
0.961,-0.796,-1.200
2.389,-1.152,-3.349
0.843,-1.670,-1.675
-0.414,-0.524,1.335
0.356,2.541,-4.000
0.170,1.462,-0.777
1.094,-0.298,-0.004
0.562,-0.087,-0.381
1.696,-0.100,0.721
-0.117,-1.190,0.385
0.410,-1.261,0.452
0.340,-1.031,0.923
0.807,-0.705,1.308
0.607,0.197,1.136
1.350,0.129,0.874
-0.175,0.223,0.384
-0.310,0.169,-0.047
-0.334,0.185,0.032
-0.202,0.339,-0.015
-0.015,0.649,-0.239
-0.682,0.264,0.923
-0.277,0.064,1.672
-1.201,1.418,2.238
-1.145,0.719,2.236
-1.083,0.479,2.020
-1.199,0.852,2.407
-0.902,0.536,1.556
-0.810,-0.224,0.823
-0.439,-0.510,0.739
-0.338,-0.320,0.551
-0.488,-0.065,0.739
-0.691,0.869,1.265
-0.500,1.224,1.463
-0.238,0.646,1.021
-0.316,0.368,0.939
-0.213,0.449,0.854
-0.333,0.504,0.981
-0.240,0.466,0.846
-0.317,0.396,0.850
-0.274,0.305,0.729
-0.307,0.241,0.845
-0.284,-0.003,0.697
-0.618,-0.148,0.772
-0.336,-0.199,0.787
-0.347,-0.263,0.796
-0.196,-0.230,0.911
-0.178,-0.267,0.899
-0.191,-0.198,1.060
-0.177,-0.241,0.931
-0.241,-0.278,0.944
-0.340,-0.338,0.924
-0.342,-0.324,0.953
-0.396,-0.306,0.899
-0.406,-0.334,0.904
-0.359,-0.314,0.894
-0.384,-0.316,0.889
-0.375,-0.299,0.924
-0.384,-0.328,0.907
-0.359,-0.325,0.910
-0.364,-0.336,0.905
-0.384,-0.321,0.912
-0.383,-0.358,0.904
-0.404,-0.329,0.884
-0.403,-0.317,0.891
-0.356,-0.310,0.870
-0.407,-0.348,0.906
-0.396,-0.350,0.887
-0.417,-0.323,0.913
-0.362,-0.348,0.889
-0.382,-0.342,0.909
-0.389,-0.338,0.884
-0.348,-0.377,0.864
-0.393,-0.358,0.860
-0.402,-0.350,0.864
-0.419,-0.352,0.860
-0.432,-0.352,0.889
-0.415,-0.321,0.898
-0.401,-0.385,0.855
-0.420,-0.410,0.852
-0.394,-0.355,0.855
-0.376,-0.363,0.898
-0.392,-0.367,0.879
-0.385,-0.390,0.919
-0.387,-0.392,0.896
-0.413,-0.382,0.900
-0.404,-0.387,0.868
-0.406,-0.365,0.861
-0.364,-0.345,0.871
-0.375,-0.357,0.876

 -,-,-
0.154,-0.360,1.365
-0.762,-0.748,0.954
0.372,-0.347,1.590
-0.590,-0.265,1.251
0.320,-0.393,1.411
0.856,-0.689,1.498
0.709,-0.558,1.507
0.169,-0.424,1.340
0.177,-0.404,0.762
0.345,-0.556,0.037
0.851,-0.336,-0.275
0.663,-0.682,-0.198
0.888,-0.738,-0.690
1.394,-1.539,-1.724
2.426,-1.722,-2.609
0.639,-2.243,-0.696
1.976,1.669,0.533
-1.005,3.283,-0.277
-1.371,0.404,0.148
1.017,0.051,-0.134
0.457,0.026,0.269
0.978,-0.099,0.744
0.449,-1.287,0.540
0.431,-0.896,0.994
0.665,0.317,0.599
0.563,0.027,0.482
0.090,0.183,0.454
0.485,-0.394,0.456
0.572,-0.296,0.586
0.251,-0.768,0.475
0.343,-0.605,1.083
-0.432,-0.876,1.461
-0.584,-0.552,1.629
-0.521,-0.489,1.590
-0.430,-0.483,1.656
-0.544,-0.629,1.479
-0.313,-0.515,1.396
-0.653,-0.226,1.359
-0.500,-0.107,1.321
-0.355,-0.131,0.986
-0.630,0.014,0.963
-0.334,0.143,1.031
-0.236,0.223,1.103
-0.169,0.132,0.944
-0.570,-0.058,0.564
-0.275,-0.106,0.788
-0.470,-0.286,0.617
-0.199,-0.082,1.108
-0.270,-0.161,0.990
-0.223,-0.143,1.099
-0.238,-0.152,1.069
-0.073,-0.111,1.128
-0.212,-0.126,1.007
-0.160,-0.086,1.071
-0.258,-0.175,0.920
-0.217,-0.147,0.928
-0.408,-0.186,0.850
-0.359,-0.160,0.896
-0.353,-0.157,0.847
-0.337,-0.109,0.997
-0.169,-0.158,0.888
-0.365,-0.132,1.023
-0.267,-0.161,0.981
-0.274,-0.149,0.997
-0.270,-0.154,1.002
-0.243,-0.166,1.023
-0.240,-0.160,1.019
-0.253,-0.175,0.975
-0.243,-0.192,0.962
-0.263,-0.187,0.935
-0.279,-0.152,0.952
-0.296,-0.158,0.962
-0.303,-0.144,0.990
-0.258,-0.158,1.000
-0.255,-0.165,0.986
-0.233,-0.146,0.998
-0.218,-0.159,1.003
-0.238,-0.180,0.955
-0.294,-0.143,0.997
-0.282,-0.141,0.964
-0.286,-0.171,0.907
-0.241,-0.213,0.902
-0.256,-0.232,0.879
-0.297,-0.229,0.974
-0.317,-0.195,1.023
-0.297,-0.213,1.031
-0.275,-0.260,0.976
-0.231,-0.253,1.009
-0.222,-0.178,1.073
-0.258,-0.172,1.048
-0.244,-0.173,1.018
-0.223,-0.260,0.978
-0.182,-0.177,0.931
-0.126,-0.220,0.878
-0.026,-0.191,0.943
-0.097,-0.122,1.066
-0.090,-0.131,0.976
-0.133,-0.151,0.928
-0.173,-0.240,0.866
-0.101,-0.090,1.016

 -,-,-
0.754,-0.857,0.766
-0.143,-0.191,1.438
0.429,-0.528,0.958
0.585,-0.581,2.147
-0.652,-0.721,2.007
0.319,-0.478,1.450
0.207,-0.553,1.027
0.260,-0.554,0.211
0.419,-0.573,-0.024
0.794,-0.377,-0.098
0.805,-0.675,-0.881
2.002,-1.344,-2.968
1.668,-1.391,-0.947
0.154,-2.157,-1.809
-1.319,0.890,1.860
-3.653,3.961,1.790
0.549,-0.120,-0.186
0.979,-0.158,0.612
0.980,-0.017,0.147
0.161,-0.619,0.100
0.637,-1.224,0.263
0.340,-1.176,0.860
0.649,-0.925,0.782
0.089,-0.347,0.432
0.550,-0.051,0.718
-0.084,0.363,0.359
0.026,0.312,0.127
0.047,0.285,0.261
-0.766,-0.086,0.100
-0.725,-0.038,0.472
-1.315,-0.073,0.309
-1.206,-0.024,0.968
-2.737,0.244,1.100
-2.180,-0.115,1.878
-1.650,-0.470,1.666
-0.743,-0.147,2.249
-1.370,-0.094,1.931
-0.889,-0.225,1.375
-0.458,-0.202,0.893
-0.508,-0.076,0.728
-0.484,0.002,0.613
-0.449,0.106,0.598
-0.347,0.163,0.717
-0.190,0.044,0.672
-0.222,-0.104,0.804
-0.354,-0.199,0.928
-0.544,-0.201,1.021
-0.485,-0.236,0.915
-0.411,-0.210,0.971
-0.311,-0.196,0.955
-0.281,-0.208,0.918
-0.367,-0.245,0.878
-0.430,-0.250,0.831
-0.593,-0.218,0.910
-0.501,-0.233,0.874
-0.497,-0.251,0.890
-0.463,-0.232,0.925
-0.498,-0.184,0.902
-0.478,-0.184,0.906
-0.459,-0.214,0.866
-0.473,-0.238,0.868
-0.468,-0.238,0.863
-0.515,-0.223,0.858
-0.521,-0.213,0.867
-0.497,-0.200,0.869
-0.457,-0.223,0.881
-0.455,-0.234,0.855
-0.475,-0.220,0.864
-0.502,-0.219,0.865
-0.494,-0.211,0.873
-0.512,-0.207,0.864
-0.494,-0.203,0.877
-0.509,-0.210,0.894
-0.509,-0.197,0.885
-0.494,-0.200,0.878
-0.471,-0.220,0.868
-0.491,-0.208,0.880
-0.470,-0.210,0.870
-0.458,-0.217,0.897
-0.489,-0.213,0.913
-0.480,-0.198,0.918
-0.459,-0.207,0.916
-0.445,-0.227,0.872
-0.458,-0.217,0.884
-0.472,-0.206,0.879
-0.458,-0.218,0.883
-0.474,-0.221,0.897
-0.448,-0.233,0.883
-0.435,-0.248,0.863
-0.461,-0.236,0.903
-0.494,-0.212,0.924
-0.481,-0.173,0.923
-0.451,-0.172,0.894
-0.441,-0.175,0.866
-0.420,-0.194,0.835
-0.446,-0.207,0.896
-0.453,-0.239,0.875
-0.515,-0.262,0.932
-0.465,-0.265,0.905
-0.442,-0.259,0.943

 -,-,-
-0.150,-0.417,1.066
-0.208,-0.258,0.796
0.734,-0.195,0.823
0.317,-0.327,0.985
-0.378,-0.397,0.936
0.363,0.037,1.443
-0.333,-0.392,1.530
0.255,-0.245,1.826
0.074,-0.598,1.856
-0.390,-0.384,2.228
-0.120,-0.396,1.422
-0.046,-0.467,1.179
0.151,-0.416,0.492
0.210,-0.445,0.268
0.798,-0.512,-0.196
0.916,-0.711,-0.220
2.084,-1.685,-2.069
2.530,-1.654,-1.228
1.534,-2.293,-2.290
-1.159,-0.279,0.879
-1.524,4.000,-0.674
1.573,0.321,0.503
1.943,-0.355,0.016
-0.373,-0.052,0.001
-0.084,0.093,0.047
0.250,-0.982,-0.075
0.798,-1.426,0.339
0.736,-0.753,0.747
0.479,-0.591,0.241
1.199,0.410,0.583
0.399,0.797,0.565
0.035,0.428,0.348
-0.103,0.273,0.437
0.213,-0.176,0.832
-0.002,-0.935,0.865
0.185,-0.852,1.516
-1.016,-0.859,1.515
-1.102,-0.585,1.682
-0.989,-0.646,1.494
-0.819,-0.626,1.324
-0.545,-0.516,1.098
-0.563,-0.362,1.009
-0.761,-0.196,1.009
-0.831,-0.122,1.078
-0.518,-0.131,0.912
-0.487,-0.053,0.871
-0.447,-0.057,0.831
-0.469,0.074,1.134
-0.212,0.100,1.066
-0.189,0.100,1.115
-0.225,0.000,1.005
-0.259,-0.012,1.052
-0.363,-0.104,1.000
-0.409,-0.107,0.922
-0.360,-0.107,0.887
-0.376,-0.099,0.900
-0.375,-0.088,0.923
-0.353,-0.071,0.944
-0.367,-0.079,0.982
-0.349,-0.111,0.919
-0.402,-0.099,0.978
-0.433,-0.111,0.965
-0.459,-0.104,0.973
-0.391,-0.116,0.919
-0.365,-0.147,0.877
-0.397,-0.171,0.900
-0.399,-0.178,0.888
-0.387,-0.163,0.917
-0.397,-0.158,0.928
-0.398,-0.182,0.912
-0.377,-0.189,0.909
-0.376,-0.192,0.908
-0.403,-0.204,0.901
-0.411,-0.202,0.919
-0.418,-0.187,0.934
-0.383,-0.203,0.906
-0.383,-0.193,0.946
-0.403,-0.205,0.950
-0.400,-0.191,0.947
-0.399,-0.191,0.941
-0.379,-0.205,0.892
-0.381,-0.207,0.914
-0.391,-0.220,0.887
-0.401,-0.202,0.920
-0.404,-0.188,0.941
-0.373,-0.211,0.924
-0.408,-0.199,0.933
-0.415,-0.190,0.935
-0.379,-0.218,0.917
-0.388,-0.210,0.933
-0.423,-0.211,0.929
-0.407,-0.221,0.924
-0.402,-0.229,0.916
-0.375,-0.213,0.919
-0.380,-0.215,0.925
-0.385,-0.205,0.927
-0.372,-0.205,0.929
-0.387,-0.203,0.935
-0.392,-0.207,0.926
-0.354,-0.217,0.951

 -,-,-
0.811,-0.566,1.026
-0.482,-0.176,1.335
0.391,-0.364,1.208
1.347,-0.061,2.040
-0.148,-1.087,1.056
0.680,-0.451,1.425
-0.327,-0.303,1.131
0.606,-0.526,0.603
0.624,-0.633,0.063
0.730,-0.529,-0.096
0.670,-0.573,-0.426
0.968,-0.603,-1.408
2.041,-1.317,-2.544
1.855,-1.562,-1.857
-0.445,-2.199,-0.034
4.000,1.477,-3.845
4.000,1.244,0.111
0.108,0.398,-0.366
0.912,0.710,0.756
0.890,0.270,0.318
0.299,-0.522,0.676
0.623,-1.450,0.278
0.922,-0.783,1.019
0.403,-0.774,0.685
1.124,-0.501,0.849
0.529,0.345,0.590
0.121,0.542,0.443
-0.152,0.354,0.242
0.057,0.511,0.473
-0.524,0.021,0.106
-0.115,-0.049,1.007
0.673,-0.040,1.120
-0.812,0.465,2.232
0.082,0.333,2.366
-1.046,0.340,2.037
-1.212,0.142,2.030
-1.092,-0.229,1.492
-1.115,-0.383,1.439
-0.651,-0.386,0.958
-0.549,-0.179,0.871
-0.494,0.091,0.897
-0.593,0.278,0.976
-0.538,0.472,0.883
-0.211,0.515,1.008
-0.051,0.313,0.886
-0.083,0.136,0.988
0.023,-0.049,0.883
0.013,-0.062,0.913
-0.108,-0.052,1.002
-0.136,-0.120,0.911
-0.120,-0.129,0.907
-0.216,-0.139,0.979
-0.134,-0.126,0.967
-0.278,-0.111,1.045
-0.138,-0.117,0.945
-0.365,-0.134,1.015
-0.274,-0.156,0.987
-0.275,-0.139,0.968
-0.336,-0.156,0.981
-0.278,-0.164,0.990
-0.256,-0.178,0.929
-0.323,-0.159,1.002
-0.319,-0.187,0.940
-0.308,-0.200,0.937
-0.339,-0.190,0.945
-0.358,-0.200,0.930
-0.334,-0.199,0.940
-0.354,-0.193,0.943
-0.354,-0.156,0.968
-0.344,-0.177,0.958
-0.301,-0.189,0.914
-0.353,-0.178,0.948
-0.337,-0.186,0.945
-0.351,-0.204,0.923
-0.365,-0.189,0.957
-0.360,-0.190,0.934
-0.365,-0.189,0.964
-0.349,-0.201,0.948
-0.374,-0.189,0.961
-0.366,-0.169,0.992
-0.353,-0.161,1.001
-0.308,-0.185,0.988
-0.307,-0.196,0.991
-0.323,-0.204,0.995
-0.333,-0.214,0.981
-0.372,-0.217,0.963
-0.367,-0.218,0.926
-0.357,-0.205,0.895
-0.327,-0.233,0.851
-0.340,-0.230,0.870
-0.368,-0.219,0.913
-0.381,-0.203,0.940
-0.344,-0.213,0.923
-0.338,-0.207,0.937
-0.330,-0.211,0.944
-0.298,-0.203,0.950
-0.309,-0.191,0.974
-0.321,-0.178,0.986
-0.299,-0.175,0.974
-0.297,-0.155,1.005

 -,-,-
0.094,-0.453,1.230
-0.836,-0.310,1.243
1.588,0.469,0.737
0.385,-0.627,1.327
-0.221,-0.257,1.694
0.181,-0.382,1.890
0.198,-0.409,1.520
0.292,-0.458,1.129
0.307,-0.542,0.783
0.522,-0.543,0.902
0.364,-0.571,0.177
0.702,-0.480,-0.285
0.692,-0.620,-0.561
2.057,-1.041,-2.698
1.040,-1.760,-1.658
1.233,-1.975,-1.270
-0.262,0.658,2.486
-4.000,4.000,-0.289
1.957,0.249,0.112
1.174,-0.130,-0.095
-0.114,0.223,0.398
0.559,-0.237,0.485
0.618,-1.146,0.842
0.464,-0.776,0.988
0.395,-1.038,0.810
0.333,-1.129,0.301
0.722,-0.236,0.518
0.288,0.191,0.191
0.034,0.216,0.081
-0.188,0.284,0.166
-0.073,0.294,0.250
-0.520,0.128,0.378
-0.273,-0.164,0.975
-0.604,-0.749,1.664
-0.610,0.287,2.656
-0.908,-0.339,2.564
-0.568,-0.472,1.911
-0.853,-0.468,1.536
-0.790,-0.263,1.621
-1.012,-0.225,1.388
-0.622,-0.288,1.087
-0.448,-0.217,0.825
-0.457,-0.019,0.877
-0.325,0.008,0.752
-0.327,0.012,0.849
-0.236,-0.047,0.905
-0.177,-0.062,0.877
-0.105,-0.143,0.796
-0.254,-0.192,0.834
-0.235,-0.176,0.921
-0.250,-0.151,0.962
-0.364,-0.154,0.986
-0.279,-0.176,1.010
-0.230,-0.207,1.049
-0.301,-0.235,0.982
-0.318,-0.211,1.039
-0.331,-0.232,0.994
-0.324,-0.206,0.964
-0.346,-0.214,0.981
-0.304,-0.211,0.893
-0.325,-0.202,0.958
-0.310,-0.220,0.904
-0.296,-0.210,0.919
-0.293,-0.223,0.919
-0.312,-0.234,0.931
-0.299,-0.238,0.933
-0.297,-0.235,0.946
-0.305,-0.263,0.937
-0.312,-0.254,0.981
-0.296,-0.201,1.026
-0.271,-0.206,1.000
-0.278,-0.232,0.940
-0.283,-0.236,0.922
-0.299,-0.249,0.912
-0.314,-0.256,0.903
-0.301,-0.241,0.933
-0.287,-0.244,0.940
-0.298,-0.229,0.980
-0.273,-0.243,0.949
-0.274,-0.255,0.943
-0.309,-0.242,0.934
-0.313,-0.238,0.963
-0.307,-0.227,0.975
-0.290,-0.237,0.951
-0.275,-0.237,0.963
-0.268,-0.244,0.932
-0.300,-0.238,0.954
-0.289,-0.239,0.947
-0.323,-0.227,0.969
-0.301,-0.237,0.957
-0.289,-0.243,0.965
-0.294,-0.247,0.945
-0.253,-0.244,0.944
-0.303,-0.252,0.921
-0.336,-0.246,0.945
-0.316,-0.230,0.977
-0.293,-0.241,0.969
-0.258,-0.228,0.958
-0.251,-0.225,0.950
-0.273,-0.236,0.948

 -,-,-
0.455,-0.543,0.793
0.753,0.054,1.330
0.077,-0.437,1.241
-0.034,-0.385,1.793
0.313,-0.485,1.654
0.119,-0.368,1.569
0.104,-0.434,1.312
0.205,-0.364,0.784
0.382,-0.705,0.136
0.523,-0.318,0.254
0.846,-0.553,-0.596
1.000,-0.434,-0.619
2.310,-1.386,-3.303
2.394,-1.339,-1.428
0.692,-1.705,-0.517
2.079,-1.679,-3.042
0.596,4.000,2.720
0.002,0.933,0.136
1.490,-0.234,-0.458
1.162,0.000,0.621
0.958,-0.284,0.290
0.278,-1.273,0.188
0.699,-0.932,0.386
0.616,-0.769,0.802
0.977,-0.605,0.622
0.686,-0.291,0.633
0.361,0.335,0.722
-0.271,0.275,0.438
-0.416,0.034,0.494
0.107,-0.090,0.760
-0.096,-0.711,0.650
0.713,-0.392,1.102
0.347,-1.053,0.892
0.808,-0.134,1.728
-0.983,-0.085,1.570
0.119,-0.108,1.764
-0.706,-0.234,1.602
-1.343,-0.087,1.784
-1.058,-0.311,1.130
-0.720,-0.409,0.847
-0.576,-0.361,0.737
-0.538,-0.316,0.707
-0.395,-0.199,0.805
-0.551,-0.073,0.958
-0.166,0.022,1.060
-0.200,-0.026,0.994
-0.171,-0.043,1.116
-0.344,-0.077,1.057
-0.271,-0.028,1.112
-0.315,-0.062,1.045
-0.293,-0.097,0.969
-0.349,-0.090,0.901
-0.389,-0.109,0.847
-0.371,-0.123,0.910
-0.389,-0.120,0.895
-0.486,-0.103,0.933
-0.418,-0.111,0.966
-0.419,-0.094,0.961
-0.405,-0.085,0.951
-0.385,-0.101,0.956
-0.375,-0.107,0.943
-0.406,-0.122,0.950
-0.401,-0.107,0.968
-0.389,-0.109,0.919
-0.369,-0.092,0.944
-0.385,-0.109,0.921
-0.374,-0.116,0.938
-0.375,-0.113,0.943
-0.416,-0.130,0.915
-0.383,-0.119,0.934
-0.402,-0.113,0.939
-0.404,-0.100,0.924
-0.387,-0.119,0.915
-0.389,-0.123,0.901
-0.373,-0.120,0.939
-0.360,-0.111,0.956
-0.382,-0.112,0.963
-0.370,-0.100,1.002
-0.356,-0.135,0.965
-0.375,-0.146,0.960
-0.387,-0.150,0.955
-0.415,-0.156,0.947
-0.420,-0.171,0.930
-0.412,-0.175,0.904
-0.435,-0.162,0.939
-0.414,-0.167,0.920
-0.401,-0.173,0.906
-0.393,-0.165,0.940
-0.367,-0.156,0.939
-0.366,-0.161,0.956
-0.354,-0.170,0.946
-0.341,-0.164,0.963
-0.329,-0.158,0.967
-0.320,-0.156,0.954
-0.332,-0.165,0.961
-0.333,-0.180,0.936
-0.333,-0.195,0.930
-0.301,-0.203,0.926
-0.324,-0.205,0.951
-0.324,-0.197,0.987

 -,-,-
0.068,-1.003,-0.021
0.353,0.279,2.233
0.145,-0.671,0.830
0.500,-0.211,1.842
0.438,-0.240,1.947
0.010,-0.178,1.829
0.224,-0.360,1.157
0.154,-0.479,0.814
0.520,-0.583,0.247
0.626,-0.442,-0.021
0.522,-0.443,-0.467
1.271,-0.796,-1.330
2.367,-0.951,-2.298
1.692,-1.761,-1.313
1.229,-3.060,-1.794
-1.192,0.965,2.020
0.491,4.000,-0.189
1.578,0.503,-0.831
1.594,-0.041,0.703
0.525,0.249,-0.061
0.376,-0.055,0.487
0.219,-1.188,0.546
0.407,-1.283,0.883
1.225,-0.723,0.812
0.457,-0.182,0.441
0.091,0.494,0.469
-0.333,0.535,0.271
0.472,0.223,0.390
0.156,-0.232,0.433
0.412,-0.864,0.676
0.745,-0.899,0.806
0.253,-0.767,1.601
0.711,-0.231,2.453
-0.288,-0.195,2.004
-0.796,-0.145,1.908
-0.559,-0.391,1.505
-0.810,-0.266,1.334
-0.753,-0.324,0.980
-0.162,-0.543,0.885
-0.274,-0.347,0.674
-0.304,-0.215,0.877
-0.342,-0.080,1.044
-0.122,0.069,1.194
-0.219,0.072,1.100
-0.105,0.073,1.033
-0.279,-0.013,0.865
-0.164,0.037,1.046
-0.347,-0.005,0.982
-0.517,-0.001,1.037
-0.468,-0.031,0.972
-0.501,-0.051,0.895
-0.469,-0.052,0.917
-0.472,-0.071,0.904
-0.516,-0.056,0.912
-0.415,-0.042,0.944
-0.388,-0.039,0.929
-0.436,-0.031,0.956
-0.424,-0.045,0.952
-0.448,-0.046,0.912
-0.395,-0.003,0.969
-0.465,-0.038,0.897
-0.419,-0.022,0.916
-0.427,-0.015,0.934
-0.444,-0.022,0.926
-0.419,-0.027,0.946
-0.377,-0.025,0.920
-0.422,-0.035,0.937
-0.432,-0.040,0.940
-0.421,-0.041,0.923
-0.440,-0.042,0.970
-0.417,-0.045,0.957
-0.399,-0.026,0.946
-0.400,-0.040,0.952
-0.396,-0.043,0.943
-0.401,-0.043,0.940
-0.404,-0.049,0.947
-0.403,-0.056,0.930
-0.392,-0.063,0.943
-0.402,-0.068,0.928
-0.402,-0.064,0.952
-0.412,-0.071,0.937
-0.407,-0.074,0.932
-0.424,-0.099,0.931
-0.369,-0.088,0.965
-0.414,-0.120,0.939
-0.331,-0.103,0.979
-0.372,-0.105,0.981
-0.395,-0.123,0.927
-0.367,-0.113,0.946
-0.367,-0.130,0.902
-0.370,-0.124,0.919
-0.357,-0.134,0.905
-0.365,-0.143,0.918
-0.352,-0.137,0.932
-0.360,-0.123,0.942
-0.367,-0.136,0.964
-0.365,-0.154,0.942
-0.377,-0.147,0.960
-0.376,-0.143,0.964
-0.369,-0.133,0.980

 -,-,-
0.605,-0.620,0.848
0.630,0.058,1.190
0.527,-0.344,1.268
-0.014,-0.316,1.728
0.161,-0.478,1.404
-0.055,-0.227,1.906
0.001,-0.461,1.173
0.369,-0.353,0.806
0.227,-0.435,0.247
0.706,-0.533,0.075
0.864,-0.604,-0.533
1.815,-0.757,-1.229
1.629,-1.712,-2.066
1.921,-1.687,-2.506
0.633,-1.764,-0.206
1.734,2.392,1.517
-2.079,3.995,0.442
-1.697,0.996,0.259
0.342,-0.263,0.118
0.819,-0.045,0.067
0.519,-0.887,0.519
0.816,-1.134,0.499
0.711,-0.643,0.814
0.798,-0.987,0.454
0.653,-0.818,0.842
0.753,-0.043,0.743
0.630,-0.116,0.879
0.193,0.199,0.705
0.096,0.269,0.477
-0.093,0.361,0.442
-0.366,0.197,0.498
0.071,-0.118,0.104
0.162,-0.671,0.762
-0.051,-0.738,0.886
0.693,-0.465,1.038
-0.385,-0.828,1.671
-0.551,-0.455,2.376
-0.865,-0.444,2.004
-0.478,-0.759,1.709
-0.278,-0.628,1.482
-0.362,-0.412,1.186
-0.380,-0.137,1.234
-0.225,-0.090,0.874
-0.433,-0.041,0.861
-0.187,-0.073,0.799
-0.275,-0.119,0.798
-0.232,-0.198,0.773
-0.237,-0.271,0.830
-0.265,-0.345,0.858
-0.337,-0.365,0.900
-0.383,-0.291,1.021
-0.304,-0.297,0.955
-0.416,-0.265,0.949
-0.255,-0.241,0.906
-0.370,-0.237,0.897
-0.408,-0.234,0.931
-0.360,-0.233,0.893
-0.370,-0.240,0.919
-0.401,-0.216,0.951
-0.372,-0.212,0.888
-0.391,-0.211,0.963
-0.402,-0.234,0.935
-0.389,-0.191,0.988
-0.416,-0.184,0.984
-0.437,-0.187,0.944
-0.395,-0.167,0.988
-0.422,-0.170,0.950
-0.414,-0.190,0.950
-0.416,-0.214,0.912
-0.410,-0.223,0.908
-0.396,-0.239,0.864
-0.447,-0.236,0.875
-0.407,-0.232,0.854
-0.396,-0.240,0.845
-0.427,-0.226,0.862
-0.408,-0.227,0.882
-0.410,-0.234,0.908
-0.373,-0.222,0.930
-0.382,-0.219,0.918
-0.394,-0.211,0.927
-0.420,-0.222,0.911
-0.452,-0.212,0.937
-0.481,-0.220,0.925
-0.501,-0.229,0.950
-0.521,-0.245,0.963
-0.518,-0.237,0.997
-0.458,-0.245,1.000
-0.391,-0.271,0.953
-0.385,-0.287,0.926
-0.333,-0.286,0.878
-0.360,-0.301,0.829
-0.370,-0.298,0.834
-0.387,-0.281,0.857
-0.399,-0.244,0.944
-0.378,-0.262,0.934
-0.338,-0.288,0.934
-0.297,-0.291,0.914
-0.303,-0.300,0.927
-0.311,-0.314,0.912
-0.329,-0.310,0.919

 -,-,-
-0.102,-0.343,1.030
0.086,-0.474,0.582
0.508,-0.167,1.203
0.452,-0.248,1.367
0.394,-0.430,1.340
0.520,-0.291,1.737
0.044,-0.405,1.911
0.097,-0.401,1.676
-0.144,-0.357,1.323
0.095,-0.427,0.503
0.273,-0.423,0.297
0.391,-0.624,-0.351
1.347,-0.742,-1.361
1.029,-0.955,-0.272
2.335,-2.130,-2.664
0.413,-2.699,-0.709
0.109,-0.122,0.470
-4.000,4.000,-0.383
-2.255,1.891,-0.164
0.939,0.557,0.603
0.365,0.417,0.502
0.752,-0.266,0.909
0.602,-1.036,0.334
0.176,-1.272,0.592
0.947,-0.830,0.167
-0.022,-0.209,0.047
0.317,0.504,0.251
0.059,0.807,0.366
-0.314,0.626,0.680
-0.547,0.429,0.489
-0.930,0.022,1.325
-0.592,-0.030,1.407
-1.577,0.268,1.643
-1.403,0.071,1.974
-2.028,0.056,1.914
-1.506,-0.810,1.724
-0.485,-0.165,1.543
-1.014,-0.335,1.120
-0.860,-0.093,1.113
-0.501,0.186,0.910
-0.648,0.391,0.874
-0.160,0.379,0.888
-0.394,0.309,0.812
-0.121,0.185,0.738
-0.162,0.044,0.671
-0.090,-0.051,0.685
-0.051,-0.122,0.785
-0.317,-0.283,0.911
-0.622,-0.231,1.593
-0.118,0.024,1.245
-0.388,-0.189,0.877
-0.015,-0.221,0.725
-0.187,-0.225,0.725
-0.369,-0.182,0.920
-0.480,-0.088,1.197
-0.254,-0.172,0.974
-0.225,-0.208,0.991
-0.231,-0.244,0.853
-0.323,-0.219,0.880
-0.354,-0.180,0.981
-0.352,-0.170,0.975
-0.376,-0.177,0.990
-0.337,-0.207,0.973
-0.300,-0.203,1.004
-0.292,-0.179,1.039
-0.312,-0.230,0.975
-0.269,-0.250,0.928
-0.296,-0.270,0.893
-0.265,-0.263,0.912
-0.322,-0.253,0.949
-0.280,-0.254,0.893
-0.302,-0.274,0.938
-0.300,-0.280,0.918
-0.316,-0.256,0.968
-0.290,-0.281,0.956
-0.303,-0.288,0.985
-0.286,-0.282,0.944
-0.323,-0.282,0.946
-0.294,-0.288,0.926
-0.306,-0.289,0.908
-0.351,-0.283,0.913
-0.341,-0.267,0.883
-0.340,-0.253,0.909
-0.342,-0.248,0.904
-0.323,-0.267,0.875
-0.330,-0.258,0.912
-0.330,-0.273,0.895
-0.345,-0.264,0.940
-0.347,-0.234,0.983
-0.345,-0.224,0.987
-0.338,-0.233,0.927
-0.347,-0.279,0.905
-0.352,-0.271,0.896
-0.375,-0.258,0.906
-0.413,-0.229,0.910
-0.432,-0.218,0.945
-0.447,-0.228,0.952
-0.437,-0.206,0.974
-0.428,-0.197,0.967
-0.427,-0.208,0.970

 -,-,-
0.874,-0.597,0.931
0.213,-0.333,1.448
0.537,-0.323,1.225
0.516,-0.291,1.230
0.322,-0.502,1.410
0.277,-0.508,1.735
-0.103,-0.492,1.462
0.160,-0.476,1.149
0.660,-0.622,0.429
0.421,-0.511,0.030
0.817,-0.482,-0.625
1.380,-0.547,-1.255
2.595,-1.543,-2.230
1.257,-2.078,-1.802
-0.738,-2.698,-1.660
-0.900,4.000,-1.509
-2.069,2.880,-0.064
0.410,-0.420,0.216
1.338,-0.062,0.401
1.075,0.154,0.431
-0.048,-0.058,0.463
0.143,-0.577,0.375
0.923,-1.567,0.544
0.420,-0.327,0.718
0.302,-0.318,0.762
0.092,0.470,0.574
0.045,0.286,0.566
0.092,0.211,0.667
0.026,-0.527,0.541
0.471,-0.562,0.793
-0.293,-1.347,0.917
0.116,-0.671,1.527
-0.048,-0.489,1.225
-0.471,-0.033,1.964
-0.812,-0.228,1.724
-0.185,-0.068,2.151
-0.556,0.001,1.625
-0.510,-0.103,1.506
-0.459,-0.179,0.982
-0.485,-0.045,0.997
-0.328,0.026,0.905
-0.407,0.106,0.875
-0.179,0.078,0.908
-0.156,-0.016,0.812
-0.231,-0.048,0.834
-0.108,-0.100,0.869
-0.151,-0.124,0.875
-0.255,-0.139,0.961
-0.296,-0.082,1.008
-0.312,-0.087,1.027
-0.180,-0.135,1.032
-0.120,-0.161,0.963
-0.265,-0.199,0.915
-0.213,-0.142,1.001
-0.209,-0.140,0.980
-0.238,-0.157,1.019
-0.262,-0.145,0.982
-0.329,-0.105,1.060
-0.150,-0.092,1.014
-0.303,-0.086,0.989
-0.229,-0.071,1.002
-0.224,-0.099,0.932
-0.231,-0.077,0.977
-0.211,-0.113,0.939
-0.250,-0.125,0.943
-0.251,-0.148,0.947
-0.282,-0.142,0.965
-0.315,-0.128,0.965
-0.300,-0.148,0.967
-0.279,-0.150,0.968
-0.277,-0.126,0.968
-0.327,-0.124,0.995
-0.316,-0.140,0.973
-0.326,-0.126,0.956
-0.315,-0.066,1.011
-0.287,-0.078,0.941
-0.294,-0.079,0.988
-0.254,-0.091,0.965
-0.266,-0.086,0.990
-0.234,-0.115,0.985
-0.274,-0.115,1.002
-0.291,-0.079,1.042
-0.271,-0.095,0.977
-0.275,-0.125,0.963
-0.260,-0.100,0.986
-0.251,-0.090,1.011
-0.207,-0.076,1.028
-0.197,-0.083,1.001
-0.212,-0.091,0.989
-0.187,-0.068,0.983
-0.195,-0.080,0.924
-0.195,-0.100,0.926
-0.244,-0.127,0.917
-0.251,-0.135,0.948
-0.266,-0.127,0.941
-0.301,-0.127,0.941
-0.329,-0.134,0.990
-0.273,-0.133,0.943
-0.268,-0.180,0.988
-0.339,-0.206,1.032

 -,-,-
0.603,-0.486,1.000
0.079,-0.042,1.086
0.350,-0.262,1.550
-0.226,-0.567,1.552
0.111,-0.420,1.332
0.591,-0.280,2.146
-0.152,-0.574,1.363
0.147,-0.341,1.004
0.190,-0.551,0.285
0.432,-0.411,0.201
0.800,-0.485,-0.354
0.847,-0.494,-0.535
2.040,-1.222,-2.707
2.679,-1.457,-1.368
1.252,-1.909,-1.797
-0.042,-1.296,-0.262
-1.165,4.000,0.579
0.339,1.087,0.174
2.578,-0.722,0.778
0.630,-0.006,0.595
0.459,-0.007,0.137
0.584,-0.936,0.401
0.276,-1.202,0.350
0.420,-1.112,0.889
0.995,-0.802,0.794
0.338,-0.329,0.809
0.137,0.347,0.674
-0.224,0.241,0.366
0.441,0.237,0.599
0.358,-0.254,0.112
0.228,-0.472,0.576
0.012,-0.917,0.799
0.743,-0.668,1.463
-0.568,-0.602,0.991
-0.680,-0.853,1.364
0.391,-0.452,1.884
-1.447,-0.818,1.168
-0.290,-0.559,1.695
-0.468,-0.525,1.111
-0.615,-0.341,1.150
-0.409,-0.207,0.942
-0.601,-0.168,1.142
-0.407,-0.200,0.849
-0.459,-0.197,0.966
-0.199,-0.224,0.888
-0.282,-0.222,0.832
-0.168,-0.153,0.968
-0.341,-0.115,0.958
-0.256,-0.063,0.999
-0.286,-0.069,0.994
-0.302,-0.108,0.982
-0.352,-0.125,0.904
-0.316,-0.151,0.978
-0.338,-0.191,0.926
-0.334,-0.143,1.002
-0.348,-0.176,0.966
-0.340,-0.188,0.956
-0.366,-0.181,0.928
-0.350,-0.182,0.921
-0.403,-0.181,0.914
-0.398,-0.177,0.925
-0.392,-0.198,0.925
-0.358,-0.170,0.966
-0.337,-0.175,0.960
-0.349,-0.179,0.962
-0.355,-0.189,0.939
-0.413,-0.197,0.914
-0.391,-0.176,0.965
-0.387,-0.186,0.918
-0.382,-0.193,0.909
-0.360,-0.190,0.911
-0.348,-0.162,0.945
-0.344,-0.178,0.960
-0.385,-0.200,0.910
-0.359,-0.203,0.959
-0.380,-0.202,0.949
-0.344,-0.202,0.924
-0.393,-0.208,0.943
-0.363,-0.226,0.908
-0.350,-0.242,0.907
-0.362,-0.244,0.947
-0.345,-0.232,0.968
-0.346,-0.231,0.971
-0.345,-0.230,0.985
-0.346,-0.242,0.935
-0.333,-0.237,0.937
-0.323,-0.245,0.925
-0.332,-0.247,0.933
-0.348,-0.242,0.943
-0.340,-0.245,0.945
-0.283,-0.241,0.942
-0.246,-0.256,0.904
-0.278,-0.289,0.884
-0.305,-0.301,0.889
-0.361,-0.271,0.939
-0.371,-0.242,0.981
-0.301,-0.260,0.933
-0.332,-0.323,0.887
-0.333,-0.284,0.964
-0.360,-0.204,0.967

 -,-,-
-0.334,-0.966,0.277
0.007,0.407,2.393
-0.117,-0.318,1.003
0.654,-0.288,1.439
0.257,-0.415,2.009
0.247,-0.465,1.569
0.106,-0.342,1.281
0.010,-0.432,0.747
0.567,-0.494,0.418
0.437,-0.594,-0.308
0.898,-0.459,-0.689
1.012,-0.665,-1.041
2.165,-1.669,-2.724
1.601,-1.267,-1.005
-1.035,-1.913,-1.068
-2.027,0.913,-2.611
-4.000,1.867,-0.572
1.185,0.079,0.812
2.773,-0.348,1.041
0.723,0.040,0.283
-0.030,0.148,0.272
0.177,-1.550,0.370
0.559,-1.165,0.524
0.665,-1.239,1.315
0.507,-0.964,0.682
0.142,-0.287,1.058
0.209,-0.365,0.838
0.279,-0.182,0.515
0.372,-0.163,0.082
0.064,0.121,0.311
0.223,0.001,0.261
0.351,0.424,0.115
-0.153,0.022,0.161
-1.207,-0.597,0.702
0.064,-0.391,1.453
-0.274,-1.381,1.574
-0.323,-1.029,2.055
-0.270,-0.811,1.988
0.196,-0.590,1.734
0.037,-0.618,1.345
-0.177,-0.463,1.249
-0.219,-0.349,1.094
-0.409,-0.300,1.198
-0.314,-0.314,1.034
-0.384,-0.212,1.050
-0.081,-0.161,0.850
-0.089,-0.166,0.804
-0.143,-0.136,0.924
-0.306,-0.241,0.866
-0.321,-0.261,0.957
-0.245,-0.362,0.838
-0.329,-0.393,0.810
-0.370,-0.323,0.971
-0.303,-0.334,0.843
-0.347,-0.304,1.003
-0.282,-0.346,0.901
-0.318,-0.314,0.954
-0.403,-0.268,0.989
-0.380,-0.248,0.970
-0.357,-0.240,0.952
-0.347,-0.262,0.924
-0.347,-0.254,0.938
-0.356,-0.247,0.953
-0.360,-0.246,0.930
-0.397,-0.259,0.933
-0.336,-0.276,0.908
-0.323,-0.285,0.892
-0.330,-0.291,0.904
-0.328,-0.290,0.931
-0.346,-0.292,0.925
-0.372,-0.299,0.923
-0.327,-0.291,0.930
-0.361,-0.291,0.944
-0.333,-0.311,0.912
-0.332,-0.302,0.925
-0.328,-0.293,0.926
-0.326,-0.303,0.910
-0.318,-0.307,0.919
-0.333,-0.304,0.925
-0.369,-0.309,0.940
-0.354,-0.302,0.958
-0.302,-0.340,0.926
-0.319,-0.315,0.890
-0.363,-0.293,0.906
-0.332,-0.267,1.000
-0.262,-0.270,0.933
-0.280,-0.272,0.971
-0.297,-0.260,0.923
-0.286,-0.249,0.970
-0.304,-0.277,0.943
-0.308,-0.271,0.931
-0.274,-0.279,0.935
-0.265,-0.311,0.917
-0.273,-0.328,0.887
-0.309,-0.349,0.876
-0.368,-0.281,0.914
-0.338,-0.292,0.913
-0.283,-0.355,0.865
-0.325,-0.357,0.888
-0.330,-0.314,0.963

 -,-,-
0.753,-0.436,0.800
0.529,0.173,1.950
0.342,-0.491,1.115
0.300,-0.302,1.850
-0.047,-0.192,1.991
0.266,-0.314,1.429
0.139,-0.320,1.330
0.338,-0.495,0.729
0.341,-0.489,0.153
0.601,-0.546,-0.239
1.105,-0.523,-1.057
1.246,-1.142,-1.265
2.485,-1.542,-2.871
0.099,-2.334,-0.388
0.759,-1.587,-0.627
-4.000,4.000,2.183
-2.610,1.263,0.372
0.758,0.504,0.574
1.451,-0.099,0.417
0.472,0.112,0.756
0.604,-1.394,0.378
0.539,-1.085,0.478
0.748,-0.507,0.427
0.309,-0.640,-0.169
-0.220,0.900,0.288
-0.614,0.621,0.498
0.077,0.614,0.931
0.088,0.054,1.255
0.241,-0.180,1.399
-0.187,-0.326,1.899
-0.092,-0.951,1.576
-0.854,-0.505,2.104
-1.006,-0.590,1.331
-0.507,-1.079,1.621
-0.318,-0.509,0.978
-0.590,-0.168,0.937
-0.565,-0.286,0.959
-0.581,-0.201,1.124
-0.528,-0.167,1.123
-0.328,-0.075,1.163
-0.286,0.072,1.161
-0.163,0.098,1.050
-0.054,0.100,1.209
-0.060,0.032,1.032
-0.239,0.043,1.069
-0.160,0.008,0.963
-0.095,0.013,0.912
-0.272,0.016,1.013
-0.168,-0.050,0.911
-0.324,-0.070,0.931
-0.233,-0.078,0.952
-0.151,-0.127,0.943
-0.298,-0.087,1.020
-0.199,-0.126,0.941
-0.285,-0.108,1.001
-0.288,-0.101,0.975
-0.336,-0.083,0.981
-0.348,-0.091,0.995
-0.331,-0.088,0.971
-0.350,-0.086,0.963
-0.348,-0.094,0.949
-0.334,-0.110,0.936
-0.312,-0.095,0.951
-0.339,-0.103,0.966
-0.337,-0.111,0.970
-0.333,-0.109,0.984
-0.327,-0.105,0.978
-0.296,-0.112,0.953
-0.298,-0.110,0.974
-0.320,-0.115,0.955
-0.313,-0.108,0.959
-0.314,-0.124,0.944
-0.318,-0.134,0.943
-0.320,-0.128,0.963
-0.312,-0.116,0.965
-0.310,-0.102,1.002
-0.289,-0.118,0.971
-0.285,-0.112,0.984
-0.288,-0.127,0.952
-0.303,-0.124,0.968
-0.293,-0.131,0.957
-0.291,-0.135,0.968
-0.298,-0.148,0.965
-0.299,-0.157,0.951
-0.322,-0.155,0.972
-0.308,-0.167,0.942
-0.290,-0.171,0.952
-0.308,-0.172,0.950
-0.297,-0.162,0.978
-0.306,-0.175,0.965
-0.316,-0.168,0.971
-0.327,-0.161,0.974
-0.316,-0.162,0.969
-0.287,-0.179,0.946
-0.297,-0.177,0.948
-0.300,-0.165,0.974
-0.312,-0.165,0.969
-0.307,-0.172,0.952
-0.288,-0.173,0.957
-0.290,-0.169,0.961

 -,-,-
0.437,-1.129,0.109
-0.142,0.175,1.792
0.447,-0.593,1.368
0.906,-0.612,1.855
0.358,-0.549,1.437
0.519,-0.318,1.158
0.112,-0.559,0.620
0.469,-0.459,0.428
0.382,-0.535,-0.069
0.904,-0.500,-0.988
1.191,-1.065,-0.793
3.015,-1.557,-2.996
1.445,-2.069,-1.130
0.787,-0.831,1.361
-2.303,4.000,-3.964
-0.482,2.783,-0.203
1.468,-0.505,-0.394
0.416,0.187,0.051
0.587,0.022,0.150
0.515,-0.959,0.304
0.968,-1.252,0.474
0.691,-0.203,0.597
0.630,0.289,0.641
0.025,0.562,0.448
0.563,0.365,0.673
0.644,-0.493,0.568
-0.013,-0.767,0.504
0.435,-1.525,1.032
0.695,-0.889,0.901
0.005,-1.131,1.381
0.627,-0.751,1.408
-0.211,-0.832,1.300
-0.090,-0.445,1.672
0.940,-0.643,0.789
-0.401,-0.453,1.029
-0.081,-0.264,1.101
-0.474,0.015,1.325
-0.257,-0.067,1.047
0.142,-0.229,1.226
-0.139,-0.109,0.991
-0.116,-0.025,1.125
-0.330,-0.001,0.894
-0.345,0.040,1.095
-0.339,0.004,0.885
-0.209,-0.009,1.042
-0.124,-0.172,0.868
-0.218,-0.163,1.009
-0.208,-0.163,0.993
-0.135,-0.150,1.100
-0.107,-0.172,0.991
-0.192,-0.186,1.010
0.052,-0.136,0.980
-0.285,-0.138,0.989
-0.280,-0.126,0.980
-0.242,-0.122,0.918
-0.335,-0.085,0.929
-0.332,-0.094,0.929
-0.294,-0.111,0.950
-0.285,-0.131,0.917
-0.315,-0.116,0.992
-0.313,-0.105,0.991
-0.273,-0.112,0.969
-0.278,-0.106,1.002
-0.267,-0.134,0.946
-0.230,-0.125,0.995
-0.343,-0.153,0.987
-0.311,-0.104,1.010
-0.312,-0.099,0.997
-0.284,-0.129,0.979
-0.328,-0.142,0.989
-0.302,-0.117,0.954
-0.293,-0.106,0.916
-0.314,-0.128,0.944
-0.295,-0.155,1.001
-0.310,-0.172,0.928
-0.320,-0.163,0.916
-0.313,-0.145,0.916
-0.295,-0.135,0.943
-0.273,-0.119,0.992
-0.289,-0.132,0.981
-0.266,-0.141,0.977
-0.234,-0.143,1.000
-0.227,-0.151,0.972
-0.264,-0.150,1.010
-0.293,-0.144,0.982
-0.276,-0.137,0.998
-0.276,-0.166,0.943
-0.285,-0.172,0.933
-0.299,-0.149,0.996
-0.298,-0.148,0.954
-0.259,-0.159,0.959
-0.253,-0.179,0.917
-0.257,-0.162,0.947
-0.264,-0.165,0.955
-0.265,-0.160,0.970
-0.268,-0.155,0.991
-0.287,-0.155,0.983
-0.314,-0.122,0.971
-0.280,-0.135,0.946
-0.230,-0.140,0.972

 -,-,-
0.147,-0.697,0.341
-0.068,0.201,1.803
0.475,-0.369,1.137
0.485,-0.362,1.765
0.235,-0.506,1.319
0.092,-0.416,1.343
-0.212,-0.435,0.755
0.447,-0.523,0.060
0.674,-0.599,-0.330
1.198,-0.578,-0.911
1.342,-1.038,-0.814
2.554,-1.693,-2.951
0.982,-2.401,-1.545
0.038,-0.515,1.376
3.191,4.000,-4.000
2.984,-1.309,-0.275
1.993,-0.113,-0.167
0.877,-0.425,0.472
0.916,-0.100,0.036
-0.010,-0.794,0.453
0.375,-0.833,0.758
0.804,-0.224,0.594
0.294,0.363,0.357
0.284,0.196,0.330
0.694,-0.010,0.562
0.297,-0.758,0.825
0.371,-0.571,0.738
0.308,-1.127,1.008
0.416,-0.828,1.124
-0.203,-0.628,1.744
0.212,-0.189,1.745
-0.903,-0.445,1.154
-0.105,-0.217,1.445
-0.527,-0.370,1.075
-0.288,-0.264,1.151
-0.455,-0.427,0.907
-0.656,-0.034,1.626
-0.331,0.112,1.312
-0.551,-0.047,1.023
-0.116,-0.081,0.949
-0.172,-0.048,0.936
-0.197,0.137,1.125
-0.271,0.147,1.095
-0.156,0.085,1.029
-0.202,0.023,0.997
-0.124,-0.009,0.969
-0.334,-0.066,0.841
-0.269,-0.065,0.951
-0.273,-0.093,0.990
-0.262,-0.125,0.921
-0.333,-0.149,0.935
-0.164,-0.158,0.885
-0.379,-0.130,1.000
-0.261,-0.134,0.951
-0.323,-0.119,1.003
-0.244,-0.146,0.926
-0.283,-0.116,0.952
-0.302,-0.100,0.951
-0.332,-0.077,0.959
-0.340,-0.090,0.950
-0.344,-0.088,0.940
-0.346,-0.066,1.013
-0.300,-0.088,0.973
-0.334,-0.076,1.001
-0.312,-0.076,0.983
-0.340,-0.067,0.972
-0.312,-0.065,0.980
-0.305,-0.082,0.950
-0.306,-0.080,0.963
-0.300,-0.091,0.954
-0.326,-0.085,0.962
-0.339,-0.076,0.975
-0.333,-0.065,0.997
-0.330,-0.075,0.973
-0.322,-0.097,0.963
-0.303,-0.097,0.964
-0.314,-0.086,0.959
-0.321,-0.072,0.978
-0.319,-0.076,0.947
-0.340,-0.066,0.981
-0.323,-0.079,0.965
-0.335,-0.072,0.968
-0.345,-0.039,0.998
-0.317,-0.071,0.945
-0.311,-0.083,0.937
-0.283,-0.082,0.933
-0.285,-0.099,0.978
-0.318,-0.099,1.001
-0.350,-0.096,1.007
-0.299,-0.132,0.968
-0.310,-0.132,0.957
-0.314,-0.099,0.978
-0.284,-0.109,0.964
-0.298,-0.126,0.931
-0.299,-0.118,0.949
-0.289,-0.094,0.967
-0.279,-0.093,0.977
-0.252,-0.090,0.980
-0.241,-0.112,0.985
-0.230,-0.089,1.045

 -,-,-
0.238,-0.633,0.654
-0.191,-0.303,1.212
2.249,0.259,0.953
0.516,-0.460,1.580
-0.122,-0.516,1.576
0.258,-0.304,1.329
0.727,-0.379,0.983
0.494,-0.567,0.488
0.517,-0.618,0.433
0.459,-0.618,-0.185
1.103,-0.601,-1.001
1.978,-1.337,-1.950
2.048,-1.691,-2.067
0.655,-1.949,-1.021
0.165,-1.521,0.043
-4.000,4.000,1.778
-1.220,1.374,-0.644
1.414,0.189,0.183
0.685,-0.088,0.214
0.589,0.284,0.386
0.290,-0.311,0.666
0.302,-1.050,0.439
0.818,-0.713,0.488
0.360,0.198,0.312
-0.234,0.700,0.097
-0.078,0.132,0.541
0.294,-0.351,0.942
0.087,-0.411,1.170
0.094,-0.435,1.322
0.047,-0.012,1.751
-0.732,0.036,2.522
-0.176,0.024,2.360
-0.470,-0.131,1.830
-1.028,-0.289,1.526
-0.844,-0.306,1.166
-0.628,-0.385,0.942
-0.500,-0.389,0.869
-0.351,-0.328,0.793
-0.333,-0.256,0.815
-0.202,-0.151,0.919
-0.331,-0.103,0.926
-0.295,-0.027,0.979
-0.352,-0.060,0.927
-0.345,-0.093,0.919
-0.302,-0.121,1.044
-0.244,-0.185,0.949
-0.327,-0.146,1.053
-0.236,-0.206,0.951
-0.339,-0.182,1.000
-0.279,-0.184,1.015
-0.253,-0.219,0.963
-0.286,-0.190,0.996
-0.333,-0.235,0.879
-0.431,-0.211,0.967
-0.310,-0.215,0.917
-0.386,-0.211,0.899
-0.336,-0.191,0.950
-0.321,-0.198,0.887
-0.321,-0.169,0.986
-0.318,-0.158,1.014
-0.298,-0.201,0.955
-0.282,-0.184,1.001
-0.244,-0.211,0.955
-0.250,-0.219,0.991
-0.295,-0.214,0.965
-0.305,-0.217,0.974
-0.319,-0.218,0.939
-0.289,-0.236,0.904
-0.276,-0.244,0.922
-0.291,-0.230,0.918
-0.293,-0.212,0.972
-0.281,-0.228,0.958
-0.290,-0.225,0.936
-0.327,-0.235,0.957
-0.299,-0.252,0.922
-0.291,-0.251,0.933
-0.290,-0.233,0.948
-0.323,-0.205,0.984
-0.293,-0.213,0.965
-0.294,-0.223,0.957
-0.297,-0.232,0.965
-0.305,-0.247,0.953
-0.307,-0.267,0.924
-0.323,-0.255,0.935
-0.319,-0.255,0.946
-0.309,-0.255,0.948
-0.297,-0.248,0.948
-0.284,-0.242,0.953
-0.299,-0.250,0.909
-0.318,-0.246,0.942
-0.303,-0.235,0.933
-0.304,-0.233,0.958
-0.313,-0.234,0.956
-0.305,-0.229,0.958
-0.309,-0.226,0.981
-0.306,-0.223,0.988
-0.287,-0.223,0.978
-0.293,-0.226,0.963
-0.305,-0.215,0.953
-0.313,-0.229,0.944


 -,-,-
0.701,-0.271,1.019
0.053,-0.061,1.065
0.205,-0.149,1.089
0.601,-0.151,0.730
-0.080,-0.235,1.781
0.400,-0.519,1.952
0.387,-0.218,2.031
-0.062,-0.351,1.440
0.387,-0.455,0.773
0.422,-0.485,0.446
0.864,-0.552,-0.240
0.691,-0.551,-0.029
1.213,-0.588,-1.169
1.852,-1.047,-1.000
2.446,-1.857,-2.814
0.663,-2.432,-0.616
0.286,1.074,0.181
-4.000,4.000,0.630
-1.144,0.535,-0.227
1.347,-0.224,0.067
1.033,-0.055,-0.021
0.181,0.194,0.568
0.224,-1.192,0.243
0.279,-1.219,0.554
0.871,-0.227,0.504
0.134,0.419,0.059
0.206,0.483,0.170
0.136,-0.526,0.522
-0.058,-0.666,0.835
0.150,-1.139,1.265
-0.179,-1.443,1.152
-0.171,-1.082,1.910
-0.136,-0.830,1.671
-0.100,-0.455,1.748
-0.300,-0.157,1.386
-0.771,-0.198,1.071
-0.531,-0.354,0.932
-0.906,-0.372,0.990
-0.533,-0.317,1.029
-0.622,-0.329,1.026
-0.278,-0.197,1.064
-0.176,-0.082,1.049
-0.349,-0.081,0.911
-0.314,-0.047,0.934
-0.371,-0.077,0.801
-0.333,-0.078,0.977
-0.423,-0.128,0.942
-0.495,-0.103,1.003
-0.455,-0.143,0.923
-0.467,-0.152,0.921
-0.423,-0.182,0.813
-0.415,-0.144,0.872
-0.429,-0.142,0.876
-0.435,-0.139,0.927
-0.395,-0.153,0.986
-0.426,-0.167,0.953
-0.342,-0.156,0.951
-0.366,-0.187,0.915
-0.362,-0.197,0.870
-0.420,-0.175,0.845
-0.492,-0.162,0.885
-0.501,-0.159,0.845
-0.520,-0.161,0.841
-0.502,-0.169,0.847
-0.499,-0.139,0.888
-0.486,-0.133,0.941
-0.485,-0.139,0.924
-0.486,-0.130,0.915
-0.471,-0.142,0.893
-0.495,-0.151,0.863
-0.493,-0.145,0.861
-0.506,-0.154,0.856
-0.523,-0.157,0.840
-0.520,-0.167,0.849
-0.541,-0.172,0.836
-0.521,-0.175,0.849
-0.522,-0.177,0.877
-0.521,-0.176,0.882
-0.524,-0.168,0.868
-0.514,-0.170,0.854
-0.520,-0.172,0.850
-0.523,-0.169,0.847
-0.534,-0.158,0.857
-0.529,-0.157,0.876
-0.532,-0.165,0.865
-0.520,-0.158,0.869
-0.526,-0.157,0.870
-0.503,-0.155,0.868
-0.517,-0.167,0.841
-0.530,-0.172,0.839
-0.522,-0.171,0.847
-0.526,-0.169,0.834
-0.529,-0.162,0.859
-0.514,-0.166,0.861
-0.520,-0.152,0.864
-0.515,-0.157,0.878
-0.500,-0.163,0.870
-0.495,-0.168,0.879
-0.499,-0.172,0.887
-0.476,-0.185,0.877

 -,-,-
0.829,-0.645,0.691
0.312,-0.128,1.026
0.225,-0.523,1.160
0.375,-0.194,1.953
0.139,-0.198,2.113
-0.199,-0.266,1.887
-0.177,-0.277,1.268
-0.049,-0.375,1.051
0.239,-0.561,0.459
0.334,-0.536,0.157
0.471,-0.455,-0.499
0.863,-0.465,-0.601
1.989,-1.372,-3.242
1.867,-1.261,-0.472
0.862,-2.418,-2.378
-0.467,-1.419,-0.638
-1.431,4.000,0.815
-0.150,2.076,1.080
4.000,-1.332,-1.373
-0.073,0.532,0.599
0.904,0.007,-0.413
0.454,-0.056,0.917
0.339,-1.326,0.251
0.260,-0.815,0.847
0.787,-0.027,0.659
-0.026,0.378,-0.039
-0.196,0.571,0.656
-0.182,-0.299,0.536
0.232,-0.279,1.081
0.227,-0.965,0.829
0.338,-0.400,1.677
-0.426,-0.330,2.054
-0.505,0.019,2.411
-0.775,-0.175,1.759
-0.700,-0.089,1.643
-0.603,-0.173,0.953
-0.722,-0.089,1.067
-0.497,-0.025,0.883
-0.646,0.158,1.061
-0.628,0.114,0.958
-0.539,0.202,1.145
-0.151,0.217,0.950
-0.277,0.258,1.094
-0.135,0.217,0.997
-0.271,0.179,0.900
-0.230,0.131,0.879
-0.268,0.083,0.886
-0.196,0.028,0.794
-0.322,0.030,0.888
-0.268,-0.002,0.906
-0.330,-0.004,0.971
-0.262,-0.088,0.898
-0.421,-0.085,0.942
-0.372,-0.099,0.974
-0.431,-0.080,0.961
-0.448,-0.052,0.967
-0.444,-0.063,0.915
-0.395,-0.078,0.932
-0.388,-0.070,0.931
-0.357,-0.051,0.922
-0.385,-0.030,0.940
-0.390,-0.016,0.933
-0.411,-0.013,0.965
-0.402,-0.058,0.903
-0.415,-0.071,0.925
-0.412,-0.076,0.907
-0.401,-0.093,0.921
-0.418,-0.103,0.864
-0.439,-0.088,0.950
-0.430,-0.109,0.900
-0.444,-0.097,0.883
-0.432,-0.089,0.927
-0.427,-0.097,0.903
-0.422,-0.090,0.912
-0.420,-0.102,0.903
-0.424,-0.113,0.912
-0.450,-0.121,0.907
-0.446,-0.102,0.905
-0.440,-0.093,0.913
-0.455,-0.073,0.937
-0.427,-0.078,0.896
-0.413,-0.089,0.907
-0.414,-0.086,0.911
-0.437,-0.071,0.925
-0.433,-0.072,0.944
-0.447,-0.055,0.962
-0.412,-0.064,0.913
-0.423,-0.084,0.891
-0.437,-0.076,0.910
-0.461,-0.068,0.940
-0.443,-0.090,0.905
-0.415,-0.109,0.905
-0.408,-0.106,0.912
-0.412,-0.101,0.913
-0.441,-0.091,0.943
-0.428,-0.095,0.941
-0.407,-0.101,0.938
-0.391,-0.101,0.932
-0.398,-0.111,0.915
-0.382,-0.101,0.928

 -,-,-
0.859,-1.011,0.465
0.143,0.390,2.046
0.092,-0.411,1.050
0.387,-0.407,1.851
0.441,-0.498,1.800
0.167,-0.312,1.661
-0.344,-0.526,1.226
0.226,-0.447,0.586
0.399,-0.452,-0.089
0.760,-0.533,-0.568
1.177,-0.987,-0.969
1.487,-1.063,-1.434
2.126,-1.903,-2.648
0.027,-2.382,-1.459
-1.125,0.651,2.448
-4.000,4.000,-4.000
3.802,-0.407,0.960
-0.270,-0.448,0.352
1.145,0.034,0.238
0.490,-0.217,0.291
0.667,-1.120,0.636
0.479,-1.018,0.155
0.226,-0.696,0.609
0.827,0.195,0.325
0.411,0.522,0.314
-0.181,0.271,0.288
0.201,-0.128,0.816
-0.150,-0.769,0.751
0.045,-0.947,1.348
-0.447,-1.103,1.403
-0.087,-0.812,2.182
-1.088,-0.644,1.654
-0.474,-0.594,1.610
-0.505,-0.479,1.355
-0.309,-0.518,0.869
-0.321,-0.440,0.847
-0.338,-0.639,0.653
-0.861,0.011,1.714
-0.509,0.192,1.050
-0.307,0.222,1.338
-0.104,0.023,0.784
-0.569,0.088,1.023
-0.312,0.222,0.881
-0.422,0.219,0.885
-0.271,0.163,0.730
-0.297,0.132,0.792
-0.234,0.125,0.915
-0.333,0.113,1.110
-0.288,0.009,0.988
-0.316,0.013,1.084
-0.214,-0.037,0.970
-0.364,-0.065,0.937
-0.297,-0.074,0.901
-0.383,-0.074,0.977
-0.337,-0.095,0.860
-0.367,-0.064,0.950
-0.376,-0.091,0.941
-0.368,-0.070,0.939
-0.394,-0.035,0.986
-0.365,-0.049,0.922
-0.403,-0.059,0.906
-0.384,-0.064,0.896
-0.434,-0.071,0.915
-0.421,-0.076,0.911
-0.443,-0.089,0.881
-0.473,-0.086,0.910
-0.442,-0.092,0.908
-0.454,-0.073,0.923
-0.413,-0.083,0.909
-0.430,-0.088,0.905
-0.444,-0.074,0.938
-0.425,-0.072,0.937
-0.410,-0.082,0.917
-0.392,-0.084,0.894
-0.417,-0.088,0.893
-0.450,-0.086,0.898
-0.444,-0.070,0.924
-0.451,-0.070,0.909
-0.438,-0.066,0.930
-0.435,-0.068,0.924
-0.395,-0.082,0.934
-0.406,-0.093,0.913
-0.424,-0.092,0.932
-0.441,-0.094,0.927
-0.435,-0.110,0.907
-0.431,-0.108,0.900
-0.447,-0.101,0.895
-0.432,-0.101,0.903
-0.436,-0.100,0.904
-0.448,-0.080,0.914
-0.429,-0.070,0.933
-0.429,-0.079,0.921
-0.405,-0.086,0.927
-0.411,-0.080,0.955
-0.431,-0.081,0.959
-0.410,-0.096,0.898
-0.405,-0.094,0.933
-0.387,-0.104,0.878
-0.409,-0.095,0.909
-0.412,-0.100,0.911

 -,-,-
0.301,-0.395,1.116
-0.555,-0.631,0.843
1.269,-0.011,1.779
-0.624,-0.788,1.296
0.500,-0.554,1.852
0.214,-0.246,1.684
0.136,-0.526,1.030
0.218,-0.623,0.938
0.092,-0.634,0.293
0.773,-0.442,-0.328
0.823,-0.604,-0.931
2.066,-0.829,-1.851
1.602,-2.036,-1.909
1.994,-2.332,-2.380
-0.732,-0.516,1.610
-0.778,4.000,-2.328
3.151,0.078,-1.026
0.460,0.071,-0.065
0.518,-0.317,0.024
0.782,0.267,0.363
0.597,-0.282,0.558
0.342,-1.279,0.099
0.615,-0.095,0.457
0.266,0.225,0.182
0.051,0.729,0.306
-0.527,0.086,0.410
0.083,0.053,1.595
-0.192,-0.633,1.221
-0.362,-0.231,2.101
-0.665,-0.347,2.199
-0.763,-0.210,2.333
-0.741,-0.049,1.985
-0.404,-0.289,1.269
-0.214,-0.357,0.931
-0.427,-0.223,0.620
-0.739,0.104,0.945
-0.348,0.378,1.077
-0.576,0.399,1.132
-0.349,0.298,1.090
-0.221,0.368,1.044
-0.207,0.398,0.971
-0.123,0.265,1.026
-0.146,0.171,1.033
-0.100,0.176,0.871
-0.182,0.142,0.953
-0.054,0.048,0.896
-0.172,0.022,0.853
-0.167,0.054,0.972
-0.180,0.033,0.922
-0.297,0.065,1.035
-0.235,0.039,0.965
-0.373,0.091,1.010
-0.311,0.101,1.024
-0.297,0.087,1.003
-0.322,0.073,0.957
-0.310,0.057,0.924
-0.325,0.089,0.978
-0.281,0.068,0.896
-0.302,0.056,0.919
-0.284,0.056,0.908
-0.335,0.047,0.935
-0.339,0.036,0.977
-0.348,0.055,0.958
-0.372,0.028,0.981
-0.357,0.011,0.958
-0.406,0.017,0.960
-0.426,0.032,0.949
-0.404,0.060,0.966
-0.387,0.059,0.948
-0.383,0.031,0.896
-0.405,0.023,0.919
-0.405,0.005,0.921
-0.436,0.028,0.939
-0.433,0.038,0.951
-0.412,0.032,0.950
-0.415,0.041,0.945
-0.435,0.033,0.932
-0.503,0.077,1.027
-0.426,0.048,0.932
-0.353,0.010,0.938
-0.376,-0.010,0.868
-0.357,-0.016,0.884
-0.349,-0.004,0.895
-0.345,-0.000,0.890
-0.370,-0.023,0.909
-0.390,0.026,0.994
-0.350,0.040,0.988
-0.352,0.012,0.947
-0.365,0.007,0.952
-0.368,0.002,0.939
-0.378,-0.003,0.946
-0.367,-0.008,0.943
-0.376,-0.016,0.950
-0.344,-0.044,0.925
-0.356,-0.041,0.974
-0.359,-0.041,0.962
-0.350,-0.061,0.927
-0.366,-0.084,0.929
-0.402,-0.068,0.963
-0.382,-0.046,0.988

 -,-,-
0.429,-0.652,0.485
0.247,0.052,1.568
0.048,-0.490,1.160
0.204,-0.401,1.587
0.388,-0.525,1.283
0.891,-0.643,1.270
-0.050,-0.697,1.275
0.117,-0.495,0.973
-0.005,-0.538,0.485
0.839,-0.482,-0.021
0.952,-0.715,-0.752
1.236,-0.787,-0.674
1.376,-1.283,-1.500
1.972,-1.659,-2.452
0.635,-2.050,-1.027
0.940,-0.112,0.101
-4.000,4.000,0.030
-2.280,1.515,0.597
1.463,-0.346,-0.068
0.894,-0.160,-0.206
0.225,-0.055,0.504
0.295,-1.028,0.306
0.661,-1.423,0.339
0.491,-0.657,0.522
0.416,0.052,0.389
0.227,0.340,0.328
-0.107,0.467,0.655
0.031,-0.180,0.882
-0.097,-0.115,1.271
-0.580,-0.464,1.284
-0.758,-0.266,1.392
-0.914,-0.387,1.693
-0.610,-0.261,1.658
-0.943,-0.397,1.472
-0.552,-0.223,1.596
-0.510,-0.169,1.139
-0.436,-0.166,1.209
-0.224,-0.154,1.084
-0.510,-0.081,1.026
-0.338,-0.006,1.147
-0.444,0.029,0.958
-0.509,0.388,1.671
-0.221,0.357,1.144
-0.181,0.115,1.031
-0.001,-0.027,0.775
0.054,-0.062,0.711
-0.163,-0.081,0.898
-0.138,-0.116,0.887
-0.197,-0.051,1.067
-0.178,-0.165,0.876
-0.192,-0.162,0.993
-0.170,-0.160,0.900
-0.487,-0.108,1.001
-0.372,-0.166,0.956
-0.484,-0.136,0.968
-0.435,-0.163,0.917
-0.431,-0.181,0.915
-0.453,-0.150,0.939
-0.411,-0.162,0.928
-0.398,-0.158,0.936
-0.431,-0.157,0.918
-0.430,-0.138,0.925
-0.423,-0.120,0.930
-0.471,-0.112,0.910
-0.411,-0.119,0.928
-0.426,-0.133,0.841
-0.423,-0.122,0.939
-0.419,-0.132,0.912
-0.441,-0.129,0.953
-0.431,-0.143,0.923
-0.444,-0.140,0.921
-0.458,-0.136,0.930
-0.487,-0.130,0.938
-0.478,-0.127,0.895
-0.450,-0.144,0.921
-0.459,-0.136,0.895
-0.446,-0.136,0.903
-0.446,-0.139,0.912
-0.454,-0.112,0.913
-0.454,-0.124,0.919
-0.458,-0.130,0.916
-0.447,-0.112,0.914
-0.429,-0.127,0.924
-0.415,-0.154,0.909
-0.438,-0.119,0.930
-0.430,-0.103,0.947
-0.396,-0.131,0.927
-0.405,-0.125,0.926
-0.406,-0.127,0.932
-0.426,-0.137,0.918
-0.422,-0.139,0.927
-0.426,-0.150,0.905
-0.438,-0.153,0.908
-0.442,-0.140,0.916
-0.420,-0.150,0.904
-0.432,-0.151,0.920
-0.430,-0.139,0.915
-0.407,-0.152,0.931
-0.406,-0.147,0.920
-0.408,-0.135,0.938

 -,-,-
0.142,-0.864,0.121
0.449,-0.113,1.573
0.005,-0.539,0.998
0.140,-0.376,1.516
0.019,-0.674,1.264
0.365,-0.548,0.993
0.738,-0.713,0.745
0.356,-0.653,0.496
0.431,-0.638,0.360
0.594,-0.481,-0.016
1.166,-0.869,-1.135
1.421,-0.927,-0.929
2.831,-2.094,-3.297
1.223,-1.891,-1.773
-0.452,-1.107,0.878
-0.786,4.000,-4.000
2.384,0.030,0.464
-0.455,-0.547,-0.657
2.217,-0.575,-0.149
0.848,-0.092,0.535
1.102,-0.520,0.276
-0.196,-1.322,0.271
0.886,-0.976,0.610
0.847,-0.135,0.598
0.260,0.470,0.443
-0.131,0.542,0.492
0.148,-0.101,0.673
-0.213,-0.617,0.660
-0.051,-0.940,0.789
0.344,-1.270,0.677
-0.001,-0.843,1.802
-0.323,-0.545,1.323
-0.844,-0.374,1.810
-0.826,-0.350,1.563
-1.000,-0.354,1.301
-0.575,-0.303,0.962
-0.807,-0.280,0.996
-0.720,-0.250,0.978
-0.631,-0.071,1.116
-0.658,-0.025,1.030
-0.592,0.093,1.061
-0.511,0.158,1.028
-0.270,0.162,0.928
-0.326,0.137,0.843
-0.208,0.175,0.852
-0.302,0.197,1.052
-0.215,0.129,0.894
-0.371,0.105,0.981
-0.312,-0.004,0.850
-0.443,-0.039,0.905
-0.310,-0.074,0.886
-0.547,-0.046,0.961
-0.445,-0.014,1.044
-0.412,-0.025,0.945
-0.369,-0.038,0.963
-0.313,-0.047,0.902
-0.400,-0.025,0.864
-0.382,-0.020,0.954
-0.396,-0.028,0.953
-0.402,-0.025,0.932
-0.372,-0.038,0.985
-0.406,-0.058,0.953
-0.402,-0.047,1.008
-0.387,-0.067,1.000
-0.411,-0.110,0.940
-0.385,-0.151,0.943
-0.369,-0.176,0.904
-0.380,-0.182,0.924
-0.367,-0.166,0.939
-0.381,-0.149,0.941
-0.400,-0.186,0.881
-0.398,-0.194,0.891
-0.406,-0.186,0.901
-0.426,-0.193,0.901
-0.370,-0.202,0.939
-0.356,-0.213,0.903
-0.335,-0.208,0.950
-0.354,-0.211,0.948
-0.351,-0.203,0.957
-0.350,-0.213,0.950
-0.357,-0.224,0.930
-0.324,-0.223,0.922
-0.356,-0.222,0.934
-0.362,-0.217,0.941
-0.370,-0.211,0.944
-0.364,-0.221,0.945
-0.350,-0.223,0.932
-0.363,-0.208,0.943
-0.375,-0.205,0.934
-0.360,-0.212,0.939
-0.376,-0.216,0.920
-0.375,-0.220,0.934
-0.335,-0.243,0.935
-0.336,-0.202,0.977
-0.316,-0.229,0.921
-0.277,-0.268,0.911
-0.283,-0.275,0.915
-0.315,-0.250,0.951
-0.357,-0.241,0.929
-0.354,-0.276,0.885

 -,-,-
0.932,-1.002,0.698
0.240,-0.034,1.529
0.269,-0.585,1.028
0.665,-0.438,1.914
-0.119,-0.514,1.441
0.161,-0.285,1.378
-0.111,-0.430,0.734
0.417,-0.470,0.186
0.612,-0.700,-0.279
0.814,-0.579,-0.198
1.088,-1.070,-1.306
2.062,-1.520,-2.738
1.539,-1.979,-0.855
-0.274,-2.203,-1.466
-3.094,1.063,-1.026
-4.000,3.813,0.723
0.899,-0.743,-0.136
1.923,-0.199,0.663
0.275,0.165,-0.088
0.501,-0.334,0.110
0.543,-1.356,0.174
0.558,-1.361,0.320
0.140,-0.862,0.687
0.718,-0.512,0.465
0.271,0.302,0.496
-0.298,0.552,0.476
-0.313,0.511,0.903
-0.505,-0.022,0.657
-0.180,-0.330,0.784
0.076,-1.004,1.202
0.289,-0.753,1.271
-0.929,-1.046,1.138
-0.558,-0.105,2.392
-0.579,-0.366,1.524
-0.166,-0.392,1.748
-0.858,-0.395,1.328
-0.939,-0.374,1.186
-0.807,-0.262,1.135
-0.607,-0.215,0.915
-0.535,-0.119,0.925
-0.393,-0.073,0.978
-0.709,-0.039,0.935
-0.013,0.038,1.066
-0.255,-0.031,0.843
-0.162,-0.087,0.821
-0.127,-0.098,0.777
-0.345,-0.094,0.903
-0.291,-0.140,0.987
-0.427,-0.122,1.010
-0.322,-0.146,0.962
-0.286,-0.194,0.862
-0.358,-0.176,0.893
-0.434,-0.152,0.928
-0.449,-0.125,1.003
-0.470,-0.130,0.957
-0.419,-0.156,0.955
-0.415,-0.189,0.900
-0.423,-0.179,0.895
-0.465,-0.160,0.955
-0.479,-0.157,0.926
-0.450,-0.150,0.927
-0.464,-0.138,0.946
-0.432,-0.135,0.916
-0.412,-0.139,0.922
-0.390,-0.158,0.884
-0.413,-0.147,0.914
-0.376,-0.170,0.928
-0.376,-0.195,0.891
-0.418,-0.215,0.911
-0.461,-0.245,0.909
-0.456,-0.221,0.959
-0.479,-0.193,0.955
-0.448,-0.212,0.974
-0.418,-0.254,0.905
-0.419,-0.229,0.939
-0.430,-0.201,0.948
-0.342,-0.220,0.932
-0.353,-0.201,0.914
-0.373,-0.232,0.847
-0.348,-0.260,0.808
-0.421,-0.260,0.801
-0.454,-0.254,0.851
-0.513,-0.243,0.879
-0.504,-0.203,0.886
-0.449,-0.192,0.899
-0.394,-0.255,0.810
-0.317,-0.327,0.912
-0.461,-0.247,1.081
-0.373,-0.107,1.137
-0.505,-0.209,0.969
-0.594,-0.228,0.964
-0.813,-0.349,0.786
-0.873,-0.365,0.919
-0.635,-0.361,0.861
-0.497,-0.282,0.872
-0.284,-0.165,0.836
0.280,-0.275,0.374
0.211,-0.297,-0.305
0.543,-0.902,0.595
-0.062,0.056,2.068

 -,-,-
0.225,-0.560,1.692
-0.026,-0.487,1.214
0.536,-0.392,0.852
0.301,-0.509,0.331
0.361,-0.453,0.170
0.643,-0.562,-0.338
1.209,-0.705,-1.313
1.604,-1.340,-1.444
2.008,-1.894,-2.469
0.821,-1.923,-1.299
-0.587,-0.529,0.979
-4.000,4.000,-1.051
-0.181,0.763,-0.125
2.774,-0.430,0.174
1.248,0.000,0.014
0.576,0.076,0.745
0.510,-1.084,0.517
0.340,-0.663,0.474
0.418,0.242,0.447
0.041,0.657,0.132
0.548,0.269,0.192
-0.188,-0.574,0.264
0.538,-0.537,1.215
0.308,-1.089,1.029
0.370,-0.823,1.528
-0.531,-0.948,1.906
-0.927,-0.258,2.615
-1.245,-0.336,1.323
-0.708,-0.499,1.132
-0.673,-0.347,1.115
-0.500,-0.310,0.978
-0.633,-0.024,1.414
-0.550,-0.194,0.848
-0.594,-0.082,1.042
-0.380,-0.071,0.857
-0.428,-0.030,0.943
-0.328,0.022,1.000
-0.231,-0.025,0.859
-0.182,-0.045,0.931
-0.225,-0.097,0.813
-0.396,-0.054,0.865
-0.394,-0.056,0.792
-0.453,-0.024,0.988
-0.370,-0.095,0.970
-0.436,-0.083,1.008
-0.383,-0.111,1.004
-0.422,-0.117,1.020
-0.504,-0.120,0.952
-0.457,-0.107,0.971
-0.437,-0.101,0.921
-0.497,-0.081,0.911
-0.483,-0.095,0.885
-0.468,-0.098,0.879
-0.453,-0.078,0.882
-0.482,-0.081,0.896
-0.458,-0.089,0.905
-0.396,-0.105,0.919
-0.411,-0.102,0.926
-0.445,-0.090,0.914
-0.455,-0.113,0.899
-0.458,-0.127,0.879
-0.463,-0.125,0.891
-0.490,-0.139,0.866
-0.501,-0.137,0.898
-0.492,-0.129,0.903
-0.494,-0.147,0.892
-0.528,-0.144,0.895
-0.500,-0.148,0.878
-0.513,-0.142,0.873
-0.498,-0.131,0.877
-0.511,-0.127,0.888
-0.481,-0.130,0.857
-0.481,-0.119,0.911
-0.430,-0.139,0.907
-0.440,-0.142,0.879
-0.454,-0.136,0.879
-0.472,-0.142,0.892
-0.485,-0.135,0.894
-0.483,-0.141,0.905
-0.487,-0.146,0.893
-0.458,-0.148,0.888
-0.473,-0.142,0.910
-0.488,-0.154,0.887
-0.479,-0.162,0.885
-0.489,-0.149,0.909
-0.478,-0.170,0.897
-0.469,-0.181,0.866
-0.471,-0.171,0.880
-0.454,-0.188,0.869
-0.463,-0.179,0.856
-0.484,-0.173,0.853
-0.484,-0.189,0.849
-0.499,-0.181,0.867
-0.499,-0.170,0.886
-0.493,-0.181,0.884
-0.486,-0.176,0.890
-0.481,-0.168,0.899
-0.495,-0.159,0.892
-0.475,-0.143,0.924
-0.478,-0.138,0.928

 -,-,-
0.534,-0.644,0.865
0.444,-0.259,1.046
0.235,-0.637,1.078
0.172,-0.287,2.045
-0.200,-0.714,1.642
0.128,-0.388,1.271
0.082,-0.626,0.776
0.449,-0.682,0.278
0.646,-0.584,-0.023
0.708,-0.617,-0.388
1.125,-0.679,-1.163
2.629,-1.517,-2.589
1.555,-1.798,-1.321
-0.561,-1.964,-1.247
0.644,1.697,0.330
-3.330,3.295,0.475
0.048,0.189,0.001
2.374,-0.451,0.781
0.467,0.095,0.464
0.303,-0.276,-0.023
0.580,-1.396,0.492
0.422,-1.000,0.479
0.654,-0.971,0.626
0.448,-0.481,0.365
0.420,0.072,0.580
0.247,0.032,0.443
-0.114,0.291,0.457
-0.410,-0.140,0.202
-1.178,-0.134,0.236
-0.623,-0.515,0.580
-0.831,-0.604,1.245
-2.137,-0.418,1.133
-1.254,-0.952,1.960
-1.413,-0.743,1.356
-1.016,-0.585,1.672
-1.303,-0.580,0.997
-1.236,-0.375,0.894
-0.397,-0.301,0.683
-0.545,-0.198,0.679
-0.480,-0.232,0.699
-0.462,-0.114,0.743
-0.507,-0.148,0.877
-0.310,-0.127,0.904
-0.340,-0.097,0.962
-0.205,-0.110,0.896
-0.310,-0.137,0.969
-0.188,-0.136,0.917
-0.325,-0.140,0.963
-0.360,-0.185,0.928
-0.389,-0.211,0.946
-0.435,-0.203,0.945
-0.430,-0.228,0.908
-0.448,-0.249,0.873
-0.464,-0.193,0.950
-0.414,-0.166,0.915
-0.450,-0.158,0.959
-0.417,-0.189,0.918
-0.410,-0.220,0.862
-0.468,-0.204,0.875
-0.466,-0.159,0.955
-0.459,-0.150,0.911
-0.476,-0.125,0.969
-0.401,-0.140,0.889
-0.379,-0.139,0.912
-0.353,-0.146,0.911
-0.383,-0.166,0.880
-0.399,-0.184,0.910
-0.399,-0.228,0.925
-0.503,-0.198,0.911
-0.479,-0.138,1.011
-0.403,-0.129,0.924
-0.349,-0.178,0.867
-0.407,-0.174,0.852
-0.460,-0.135,0.928
-0.449,-0.131,0.974
-0.422,-0.145,0.947
-0.394,-0.114,0.948
-0.360,-0.126,0.851
-0.391,-0.206,0.880
-0.407,-0.196,0.863
-0.497,-0.162,0.941
-0.436,-0.146,0.939
-0.388,-0.160,0.924
-0.348,-0.186,0.891
-0.411,-0.204,0.882
-0.501,-0.216,0.941
-0.514,-0.196,0.964
-0.462,-0.204,0.957
-0.373,-0.225,0.921
-0.336,-0.227,0.909
-0.363,-0.209,0.918
-0.417,-0.211,0.887
-0.468,-0.193,0.906
-0.471,-0.183,0.907
-0.423,-0.188,0.910
-0.404,-0.172,0.918
-0.393,-0.165,0.926
-0.366,-0.178,0.926
-0.394,-0.169,0.943
-0.399,-0.177,0.928

 -,-,-
0.707,-0.737,1.512
0.105,-0.125,1.356
0.058,-0.505,0.796
1.070,-0.470,1.326
0.174,-0.722,1.291
0.291,-0.542,1.374
0.408,-0.519,0.814
0.652,-0.465,0.030
0.502,-0.586,0.051
0.979,-0.594,-0.385
1.501,-0.648,-1.164
1.677,-1.587,-2.365
2.048,-1.574,-2.385
-0.078,-2.279,-0.094
1.914,1.037,0.190
-3.686,4.000,-1.017
-0.053,1.126,-0.032
1.038,-0.497,0.009
0.798,0.005,0.140
0.357,-0.289,0.668
0.473,-0.732,0.732
0.520,-0.430,0.493
0.222,0.233,0.342
0.307,0.449,0.176
0.375,-0.266,0.161
0.516,-0.829,0.699
0.108,-0.816,1.144
0.823,-1.041,1.028
-0.225,-0.724,1.406
-0.340,-0.912,2.030
-0.834,-0.614,1.535
-0.996,-0.591,1.335
-1.034,-0.450,1.339
-0.288,-0.639,0.809
-0.741,-0.279,1.199
-0.255,-0.252,0.899
-0.485,-0.114,1.105
-0.177,-0.108,0.924
-0.260,-0.050,1.163
-0.357,0.024,0.984
-0.305,0.071,1.138
-0.222,-0.076,0.829
-0.338,0.003,0.918
-0.210,0.005,0.881
-0.445,0.074,1.081
-0.263,-0.009,0.910
-0.312,-0.027,0.982
-0.336,-0.047,0.952
-0.342,-0.074,0.954
-0.310,-0.107,0.854
-0.483,-0.110,0.872
-0.393,-0.067,0.962
-0.468,-0.065,0.958
-0.400,-0.075,0.974
-0.280,-0.095,0.961
-0.302,-0.109,0.980
-0.306,-0.085,0.986
-0.318,-0.088,1.014
-0.410,-0.095,0.971
-0.359,-0.063,0.992
-0.439,-0.060,0.954
-0.414,-0.031,0.943
-0.395,-0.022,0.945
-0.342,-0.041,0.907
-0.335,-0.041,0.922
-0.356,-0.060,0.897
-0.391,-0.044,0.934
-0.386,-0.069,0.935
-0.415,-0.080,0.934
-0.421,-0.095,0.911
-0.427,-0.109,0.924
-0.429,-0.094,0.906
-0.429,-0.089,0.934
-0.443,-0.092,0.928
-0.488,-0.011,0.959
-0.478,0.027,0.974
-0.479,0.006,0.926
-0.427,0.026,0.929
-0.438,-0.029,0.948
-0.392,-0.029,1.039
-0.326,-0.085,0.951
-0.296,-0.174,0.903
-0.370,-0.101,0.907
-0.373,-0.073,0.953
-0.346,-0.051,0.925
-0.330,-0.097,0.960
-0.283,-0.110,0.906
-0.300,-0.155,0.911
-0.295,-0.131,0.900
-0.305,-0.149,0.961
-0.280,-0.165,0.940
-0.290,-0.173,0.981
-0.263,-0.184,0.978
-0.291,-0.171,1.000
-0.308,-0.139,0.990
-0.311,-0.172,0.941
-0.322,-0.164,0.951
-0.360,-0.131,0.965
-0.348,-0.151,0.971
-0.329,-0.125,0.974

 -,-,-
0.061,-0.860,-0.061
0.453,-0.398,1.586
0.211,-0.616,1.016
0.822,-0.373,1.182
-0.176,-0.849,1.097
0.808,-0.422,1.169
0.433,-0.656,0.526
0.591,-0.604,0.147
0.785,-0.586,-0.207
1.290,-0.692,-0.848
2.426,-1.476,-2.655
2.001,-1.743,-1.394
0.780,-2.129,-2.069
-0.221,1.356,1.635
0.037,4.000,-1.586
1.035,0.630,-0.282
2.492,-0.682,0.555
0.786,-0.167,0.490
0.342,-0.294,0.162
0.318,-1.005,0.373
0.250,-0.589,0.370
0.606,0.437,0.586
-0.076,0.512,0.153
0.446,0.192,0.169
-0.172,-0.630,0.300
0.237,-0.728,0.485
0.125,-1.182,0.761
-0.545,-0.552,1.671
-0.637,-0.974,2.227
-0.630,-0.645,2.181
-0.484,-0.651,2.150
-0.610,-0.638,1.411
-0.811,-0.418,1.212
-0.724,-0.364,1.050
-0.638,-0.311,0.755
-0.587,-0.099,0.901
0.005,-0.389,0.946
-0.362,-0.042,1.011
-0.254,-0.064,0.942
-0.129,-0.140,0.906
-0.131,-0.141,0.917
-0.212,-0.150,0.865
-0.293,-0.142,0.866
-0.347,-0.135,0.878
-0.366,-0.173,0.934
-0.415,-0.134,0.891
-0.340,-0.167,0.949
-0.329,-0.178,0.981
-0.367,-0.154,1.048
-0.322,-0.158,0.987
-0.379,-0.138,1.051
-0.320,-0.165,0.985
-0.407,-0.160,0.942
-0.400,-0.162,1.001
-0.388,-0.167,0.900
-0.394,-0.128,0.952
-0.392,-0.127,0.973
-0.345,-0.109,0.918
-0.385,-0.109,0.974
-0.333,-0.139,0.890
-0.360,-0.125,0.906
-0.362,-0.124,0.944
-0.377,-0.125,0.960
-0.355,-0.148,0.943
-0.347,-0.163,0.939
-0.378,-0.147,0.956
-0.392,-0.146,0.963
-0.392,-0.171,0.937
-0.400,-0.173,0.904
-0.418,-0.175,0.923
-0.412,-0.195,0.886
-0.398,-0.185,0.896
-0.401,-0.173,0.925
-0.391,-0.155,0.949
-0.393,-0.158,0.947
-0.377,-0.159,0.941
-0.377,-0.162,0.940
-0.375,-0.173,0.955
-0.397,-0.161,0.979
-0.395,-0.163,0.968
-0.380,-0.167,0.970
-0.366,-0.164,0.937
-0.387,-0.170,0.897
-0.405,-0.168,0.898
-0.403,-0.169,0.888
-0.402,-0.168,0.881
-0.425,-0.172,0.867
-0.445,-0.149,0.881
-0.426,-0.152,0.872
-0.412,-0.154,0.889
-0.411,-0.143,0.907
-0.413,-0.144,0.895
-0.419,-0.141,0.940
-0.428,-0.148,0.951
-0.454,-0.135,0.979
-0.436,-0.124,1.006
-0.413,-0.136,0.959
-0.421,-0.139,0.938
-0.438,-0.161,0.895
-0.477,-0.146,0.936

 -,-,-
0.457,-0.614,0.550
0.220,-0.025,1.454
0.369,-0.657,1.433
0.108,-0.640,1.970
0.300,-0.608,1.263
-0.056,-0.448,1.281
0.349,-0.539,0.457
0.659,-0.464,0.078
0.651,-0.471,-0.254
0.842,-0.611,-0.600
2.110,-1.361,-3.019
2.691,-1.566,-1.743
0.303,-2.020,-1.207
-0.093,-1.487,1.460
-4.000,4.000,-2.547
2.890,-0.793,0.771
2.704,-1.395,-0.801
0.609,0.213,0.317
1.066,-0.214,0.141
0.693,-1.207,0.065
0.360,-1.068,0.129
0.667,-0.835,0.751
0.568,-0.609,0.342
0.358,0.335,0.572
0.042,0.727,0.713
-0.285,0.627,0.857
-0.521,0.191,0.653
-0.016,-0.736,0.876
0.113,-1.300,0.604
0.305,-1.146,1.176
-0.432,-0.535,1.783
-0.063,-0.751,1.697
-1.024,-0.497,1.801
-0.808,-0.423,1.429
-0.732,-0.460,1.387
-0.445,-0.291,1.362
-0.496,-0.241,0.921
-0.693,-0.209,1.018
-0.448,-0.157,0.868
-0.650,-0.010,1.046
-0.465,0.056,1.075
-0.255,0.119,1.010
-0.322,0.115,0.819
-0.081,0.030,0.793
-0.257,-0.009,0.839
-0.292,0.053,0.913
-0.332,0.044,0.989
-0.392,-0.015,0.994
-0.293,-0.060,1.007
-0.362,-0.153,0.875
-0.383,-0.158,0.938
-0.384,-0.126,0.992
-0.420,-0.097,0.997
-0.472,-0.107,0.955
-0.443,-0.102,0.969
-0.383,-0.083,0.930
-0.409,-0.061,0.909
-0.391,-0.057,0.892
-0.426,-0.069,0.890
-0.442,-0.047,0.903
-0.435,-0.042,0.919
-0.410,-0.019,0.951
-0.410,-0.007,0.976
-0.321,-0.003,0.918
-0.381,-0.067,0.916
-0.382,-0.063,0.906
-0.440,-0.028,0.959
-0.458,-0.060,0.944
-0.465,-0.066,0.934
-0.461,-0.044,0.940
-0.441,-0.049,0.947
-0.432,-0.060,0.923
-0.435,-0.039,0.944
-0.456,-0.031,0.928
-0.417,-0.014,0.929
-0.423,-0.012,0.909
-0.400,-0.003,0.905
-0.395,-0.020,0.887
-0.410,-0.007,0.914
-0.420,-0.005,0.921
-0.392,0.004,0.916
-0.375,-0.010,0.896
-0.416,-0.021,0.877
-0.449,-0.014,0.912
-0.429,0.009,0.942
-0.421,-0.007,0.954
-0.417,-0.009,0.932
-0.398,-0.010,0.938
-0.395,-0.015,0.940
-0.423,-0.003,0.930
-0.438,-0.012,0.923
-0.435,-0.016,0.920
-0.461,-0.019,0.931
-0.453,-0.015,0.936
-0.448,-0.011,0.944
-0.418,-0.011,0.943
-0.436,-0.001,0.946
-0.407,-0.014,0.941
-0.411,-0.024,0.911
-0.445,-0.020,0.900

 -,-,-
0.242,-0.635,0.478
-0.160,-0.001,1.671
0.620,-0.575,1.288
0.580,-0.579,1.928
-0.037,-0.460,1.656
0.112,-0.412,1.401
-0.158,-0.502,1.161
0.206,-0.638,0.186
0.422,-0.462,-0.125
1.180,-0.543,-0.588
1.233,-1.006,-1.411
2.765,-1.765,-2.698
0.868,-2.075,-1.015
-0.329,-1.835,0.402
-3.987,4.000,-1.091
0.620,-0.562,-0.162
0.330,0.644,-0.050
0.708,-0.670,-0.102
0.799,0.120,0.790
0.363,-0.587,0.546
0.796,-0.360,0.526
0.335,0.180,0.453
0.208,0.463,0.100
0.538,-0.115,-0.242
0.144,-0.657,0.103
0.643,-1.193,0.707
0.455,-0.970,0.944
0.307,-0.950,1.668
-0.215,-0.522,1.807
-1.064,-0.375,1.979
-0.301,-0.423,1.582
-1.027,-0.394,1.410
-0.690,-0.415,1.320
-0.743,-0.247,1.018
-0.671,-0.230,1.152
-0.447,-0.306,0.836
-0.510,-0.250,0.843
-0.336,-0.237,0.879
-0.307,-0.170,0.953
-0.382,-0.072,0.983
-0.282,-0.061,1.057
-0.159,-0.076,1.016
-0.303,-0.152,0.932
-0.441,-0.233,0.715
-0.328,-0.160,0.912
-0.387,-0.224,0.802
-0.419,-0.210,0.876
-0.404,-0.179,0.876
-0.549,-0.152,1.015
-0.296,-0.170,0.955
-0.398,-0.163,1.030
-0.340,-0.178,0.935
-0.368,-0.149,1.026
-0.361,-0.139,0.990
-0.377,-0.149,0.891
-0.379,-0.125,0.954
-0.395,-0.129,0.902
-0.384,-0.109,0.932
-0.399,-0.108,0.930
-0.358,-0.119,0.950
-0.369,-0.119,0.958
-0.358,-0.108,0.938
-0.355,-0.119,0.956
-0.358,-0.126,0.927
-0.355,-0.117,0.949
-0.391,-0.135,0.943
-0.403,-0.145,0.906
-0.421,-0.138,0.932
-0.429,-0.134,0.945
-0.401,-0.140,0.910
-0.442,-0.136,0.935
-0.446,-0.139,0.934
-0.442,-0.146,0.983
-0.395,-0.174,0.948
-0.398,-0.170,0.908
-0.412,-0.162,0.920
-0.394,-0.141,0.921
-0.432,-0.132,0.940
-0.453,-0.145,0.925
-0.388,-0.161,0.921
-0.416,-0.174,0.898
-0.410,-0.164,0.914
-0.412,-0.156,0.916
-0.431,-0.150,0.926
-0.411,-0.165,0.920
-0.420,-0.173,0.909
-0.406,-0.183,0.897
-0.414,-0.185,0.913
-0.436,-0.193,0.904
-0.423,-0.174,0.942
-0.416,-0.169,0.938
-0.389,-0.164,0.959
-0.380,-0.167,0.941
-0.370,-0.163,0.970
-0.343,-0.171,0.920
-0.335,-0.187,0.898
-0.372,-0.210,0.885
-0.407,-0.172,0.928
-0.410,-0.151,0.928
-0.394,-0.206,0.861


