 -,-,-
0.770,-0.399,-1.394
0.949,-0.244,-1.196
0.711,-0.613,-1.487
1.121,-0.555,-1.558
1.163,-0.649,-1.772
1.084,-0.996,-2.185
1.524,-0.773,-2.408
1.351,-1.399,-2.084
-0.313,1.113,0.858
4.000,4.000,1.458
0.913,0.704,0.148
0.102,0.187,0.029
-0.181,-0.856,-0.066
0.165,-0.533,-0.131
-0.125,-0.394,-0.459
-0.330,-0.050,0.262
0.126,-0.648,-0.150
0.529,-1.369,0.242
0.780,-1.917,-0.036
0.470,-1.785,-0.181
0.512,-1.694,-0.105
0.444,-1.182,0.277
-0.011,-1.005,0.612
0.006,-0.507,0.567
-0.527,-0.680,0.505
-0.059,-0.551,0.617
-0.155,-0.805,0.434
-0.158,-0.740,0.544
-0.146,-1.024,0.326
-0.065,-0.915,0.626
-0.091,-1.180,0.401
-0.194,-0.974,0.758
0.142,-1.169,0.554
0.212,-1.038,0.567
0.013,-1.068,0.421
0.061,-1.017,0.573
-0.025,-1.012,0.442
-0.382,-0.968,0.556
-0.207,-0.934,0.668
-0.320,-0.983,0.517
-0.306,-0.871,0.750
-0.269,-0.875,0.683
-0.562,-0.896,0.727
-0.395,-0.785,0.760
-0.234,-0.714,0.656
-0.330,-0.683,0.652
-0.354,-0.678,0.636
-0.369,-0.692,0.610
-0.339,-0.661,0.619
-0.278,-0.593,0.685
-0.284,-0.547,0.838
-0.349,-0.638,0.744
-0.464,-0.610,0.760
-0.568,-0.564,0.645
-0.568,-0.639,0.651
-0.585,-0.591,0.647
-0.616,-0.687,0.603
-0.549,-0.597,0.582
-0.877,-0.600,0.441
-0.771,-0.575,0.541
-0.533,-0.571,0.620
-0.488,-0.552,0.615
-0.353,-0.548,0.762
-0.410,-0.586,0.657
-0.455,-0.587,0.655
-0.538,-0.583,0.673
-0.631,-0.582,0.664
-0.598,-0.521,0.630
-0.578,-0.500,0.688
-0.490,-0.551,0.709
-0.469,-0.565,0.702
-0.452,-0.579,0.705
-0.493,-0.543,0.734
-0.434,-0.570,0.692
-0.451,-0.596,0.686
-0.448,-0.640,0.672
-0.340,-0.642,0.680
-0.382,-0.682,0.630
-0.368,-0.631,0.698
-0.313,-0.686,0.663
-0.378,-0.699,0.701
-0.353,-0.723,0.602
-0.315,-0.693,0.695
-0.350,-0.746,0.627
-0.357,-0.763,0.553
-0.373,-0.794,0.575
-0.436,-0.783,0.560
-0.423,-0.767,0.613
-0.478,-0.771,0.667
-0.386,-0.751,0.601
-0.415,-0.737,0.626
-0.510,-0.707,0.622
-0.456,-0.685,0.615
-0.316,-0.686,0.609
-0.580,-0.677,0.664
-0.403,-0.667,0.626
-0.398,-0.650,0.665
-0.475,-0.643,0.607
-0.362,-0.602,0.671
-0.512,-0.532,0.784

 -,-,-
-0.288,-0.662,1.680
-0.106,-0.488,2.013
0.074,-0.475,1.738
-0.303,-0.353,1.464
0.151,-0.322,1.064
0.233,-0.485,0.395
0.181,-0.417,0.310
0.496,-0.460,-0.412
0.562,-0.354,-0.789
0.701,-0.311,-1.019
0.903,-0.450,-1.299
0.914,-0.367,-1.350
0.919,-0.612,-1.562
1.043,-0.595,-1.663
0.726,-0.956,-2.053
1.500,-0.925,-2.757
1.594,-1.145,-1.903
-0.269,-1.444,-0.552
2.389,4.000,2.042
-1.129,2.982,-0.045
-2.347,0.016,0.547
0.488,-0.827,0.332
-0.498,0.120,0.337
0.004,-0.133,-0.398
-0.479,-0.008,0.031
0.263,-0.335,-0.571
0.289,-0.904,-0.390
0.907,-1.820,-0.763
0.335,-1.630,-0.476
0.497,-1.372,-0.423
0.268,-1.053,-0.089
-0.053,-1.000,0.172
0.346,-1.022,-0.072
-0.695,-1.217,0.062
0.081,-1.257,0.245
-0.627,-1.202,0.167
-0.152,-1.334,0.485
0.070,-1.249,0.529
-0.431,-1.195,0.592
-0.173,-1.027,0.794
-0.302,-1.081,0.569
-0.242,-1.062,0.605
-0.200,-1.045,0.498
-0.137,-0.958,0.503
-0.197,-0.897,0.471
-0.181,-0.750,0.494
-0.146,-0.790,0.458
-0.223,-0.829,0.478
-0.189,-0.875,0.468
-0.285,-0.904,0.471
-0.265,-0.857,0.479
-0.183,-0.799,0.498
-0.229,-0.779,0.533
-0.365,-0.767,0.520
-0.241,-0.856,0.546
-0.258,-0.846,0.592
-0.268,-0.857,0.617
-0.241,-0.806,0.647
-0.295,-0.773,0.623
-0.220,-0.786,0.538
-0.358,-0.734,0.571
-0.308,-0.687,0.598
-0.328,-0.655,0.575
-0.359,-0.663,0.738
-0.301,-0.690,0.666
-0.436,-0.671,0.741
-0.410,-0.684,0.704
-0.435,-0.735,0.694
-0.435,-0.679,0.760
-0.455,-0.681,0.694
-0.438,-0.602,0.743
-0.441,-0.638,0.728
-0.538,-0.561,0.711
-0.450,-0.521,0.831
-0.440,-0.513,0.772
-0.443,-0.451,0.864
-0.426,-0.454,0.793
-0.455,-0.434,0.829
-0.446,-0.450,0.829
-0.446,-0.491,0.831
-0.381,-0.521,0.796
-0.393,-0.502,0.805
-0.380,-0.496,0.793
-0.427,-0.493,0.813
-0.457,-0.501,0.759
-0.385,-0.495,0.778
-0.424,-0.504,0.743
-0.381,-0.492,0.747
-0.346,-0.503,0.766
-0.460,-0.483,0.756
-0.392,-0.469,0.832
-0.505,-0.468,0.774
-0.394,-0.472,0.823
-0.307,-0.483,0.788
-0.409,-0.461,0.823
-0.425,-0.478,0.839
-0.417,-0.534,0.807
-0.432,-0.539,0.879
-0.403,-0.528,0.841
-0.412,-0.501,0.883


 -,-,-
0.685,-0.351,-1.592
1.219,-0.457,-1.202
1.096,-0.707,-1.628
0.778,-0.867,-1.601
0.944,-1.200,-2.151
1.348,-1.117,-2.117
1.416,-1.897,-2.444
-0.809,0.030,1.887
1.434,4.000,-0.372
-2.134,1.458,1.400
1.563,-0.620,-0.805
-0.476,-0.181,0.555
0.383,-0.344,-0.465
-0.381,0.142,0.173
-0.201,-0.013,-0.332
0.298,-0.308,0.036
0.640,-1.272,-0.336
0.228,-1.512,0.073
0.497,-1.486,-0.179
0.556,-1.429,0.372
0.826,-1.445,0.305
0.445,-1.527,0.126
0.835,-1.042,0.509
0.039,-1.548,0.018
0.637,-1.000,0.551
0.177,-1.234,0.382
-0.158,-1.046,0.646
0.221,-0.993,0.575
0.056,-0.954,0.597
0.013,-0.928,0.696
-0.087,-0.930,0.602
-0.121,-0.886,0.625
-0.131,-0.885,0.600
-0.005,-0.789,0.658
-0.056,-0.855,0.561
-0.016,-0.831,0.616
-0.021,-0.794,0.625
-0.068,-0.814,0.581
0.017,-0.840,0.598
-0.136,-0.776,0.654
0.068,-0.801,0.613
0.003,-0.857,0.560
-0.043,-0.825,0.609
0.074,-0.844,0.561
-0.072,-0.843,0.567
-0.012,-0.844,0.470
-0.029,-0.853,0.416
-0.239,-0.809,0.533
-0.127,-0.822,0.385
-0.123,-0.729,0.632
-0.170,-0.760,0.502
-0.166,-0.759,0.604
-0.296,-0.792,0.646
-0.285,-0.866,0.657
-0.278,-0.868,0.718
-0.403,-0.839,0.750
-0.288,-0.820,0.672
-0.339,-0.736,0.748
-0.363,-0.758,0.677
-0.373,-0.713,0.753
-0.368,-0.736,0.693
-0.339,-0.746,0.668
-0.297,-0.740,0.636
-0.317,-0.673,0.618
-0.202,-0.688,0.619
-0.238,-0.656,0.651
-0.311,-0.683,0.682
-0.236,-0.680,0.686
-0.386,-0.702,0.802
-0.302,-0.703,0.776
-0.285,-0.695,0.798
-0.285,-0.712,0.739
-0.257,-0.662,0.768
-0.221,-0.653,0.718
-0.224,-0.635,0.703
-0.215,-0.610,0.753
-0.189,-0.613,0.688
-0.212,-0.628,0.705
-0.173,-0.656,0.717
-0.261,-0.651,0.775
-0.220,-0.656,0.756
-0.250,-0.690,0.786
-0.269,-0.644,0.797
-0.229,-0.637,0.786
-0.292,-0.638,0.781
-0.230,-0.627,0.723
-0.282,-0.606,0.719
-0.258,-0.622,0.782
-0.216,-0.636,0.732
-0.290,-0.640,0.810
-0.295,-0.595,0.812
-0.298,-0.621,0.794
-0.290,-0.625,0.774
-0.292,-0.632,0.744
-0.324,-0.638,0.783
-0.312,-0.630,0.803
-0.316,-0.621,0.793
-0.309,-0.621,0.798
-0.280,-0.631,0.763
-0.309,-0.620,0.781

 -,-,-
-0.451,-0.702,0.789
-0.453,-0.726,0.596
-0.107,-0.738,0.910
-0.013,-0.797,0.771
-0.078,-0.663,1.124
-0.191,-0.863,0.764
-0.054,-0.654,0.824
0.288,-0.862,0.871
0.033,-0.676,1.293
-0.049,-0.712,1.120
0.085,-0.748,1.030
0.060,-0.677,0.985
0.579,-0.521,0.901
-0.177,-0.613,0.708
0.598,-0.442,0.630
-0.034,-0.501,-0.098
0.631,-0.468,-0.155
0.457,-0.152,-0.426
0.701,-0.373,-1.151
1.011,-0.371,-1.299
0.795,-0.454,-1.514
0.871,-0.610,-1.393
0.879,-0.524,-1.556
0.911,-0.994,-2.118
1.286,-0.989,-2.061
1.396,-1.049,-2.330
0.136,-1.402,-0.644
1.378,-0.012,0.192
1.054,4.000,0.926
-1.667,1.038,0.874
1.662,-0.954,0.067
-1.124,-0.038,-0.148
0.267,0.097,-0.120
-0.521,0.086,-0.070
0.206,-0.170,-0.243
0.689,-0.758,-0.573
0.116,-0.944,-0.297
0.705,-1.389,-0.659
0.292,-1.299,-0.224
0.995,-1.640,-0.379
1.082,-1.488,-0.007
0.656,-1.392,-0.016
0.720,-1.027,-0.010
2.719,0.763,0.007
0.376,-0.658,0.165
0.407,-1.074,0.325
0.125,-0.944,0.511
0.240,-0.989,0.369
0.124,-0.972,0.426
0.153,-1.098,0.499
0.262,-0.986,0.520
0.180,-0.984,0.580
0.064,-1.012,0.484
0.194,-0.912,0.471
0.107,-0.859,0.492
-0.013,-0.842,0.498
0.245,-0.829,0.568
0.244,-0.849,0.462
0.125,-0.863,0.520
0.213,-0.897,0.541
0.248,-0.833,0.523
0.232,-0.779,0.500
0.151,-0.785,0.510
0.277,-0.793,0.536
0.339,-0.824,0.458
0.281,-0.846,0.525
0.180,-0.880,0.479
0.262,-0.837,0.549
0.211,-0.885,0.544
0.208,-0.929,0.531
0.087,-0.886,0.521
0.077,-0.846,0.583
0.040,-0.817,0.571
0.141,-0.728,0.649
0.025,-0.810,0.553
0.058,-0.829,0.536
0.037,-0.862,0.551
-0.038,-0.870,0.578
0.027,-0.844,0.603
-0.001,-0.873,0.673
0.026,-0.873,0.602
0.018,-0.855,0.635
-0.034,-0.854,0.550
0.006,-0.819,0.575
0.071,-0.919,0.500
-0.000,-0.905,0.554
0.084,-0.845,0.598
0.071,-0.839,0.590
0.070,-0.828,0.496
0.081,-0.871,0.526
-0.014,-0.842,0.536
-0.087,-0.754,0.652
-0.001,-0.726,0.712
-0.012,-0.736,0.686
0.065,-0.828,0.687
0.023,-0.845,0.685
-0.010,-0.795,0.690
-0.011,-0.756,0.752
-0.037,-0.706,0.761
0.042,-0.681,0.748

 -,-,-
-0.141,-0.475,1.525
-0.177,-0.678,1.223
-0.306,-0.777,1.091
0.373,-0.734,1.044
0.267,-0.614,1.128
0.158,-0.647,0.904
-0.005,-0.631,0.718
0.543,-0.421,0.804
-0.144,-0.562,0.131
0.461,-0.290,0.226
0.783,-0.845,-0.329
0.491,-0.187,-0.797
0.704,-0.343,-0.925
0.789,-0.308,-1.303
0.899,-0.466,-1.047
1.046,-0.525,-1.414
0.986,-0.523,-1.804
1.168,-0.607,-1.652
1.474,-0.704,-2.300
1.495,-0.803,-2.789
1.024,-1.170,-2.251
0.149,-1.419,-0.278
4.000,4.000,0.210
-0.352,0.980,0.640
0.373,-0.021,0.362
0.171,-0.097,0.221
-0.314,-0.062,0.304
0.393,-0.267,-0.454
-0.392,-0.148,0.322
0.769,-0.899,-0.385
0.158,-1.420,-0.185
0.339,-1.454,-0.183
0.332,-1.671,-0.537
0.171,-1.419,-0.439
0.632,-1.190,-0.407
0.364,-1.476,-0.196
0.546,-1.194,0.033
0.511,-1.219,0.024
0.620,-1.046,0.139
0.517,-1.086,0.120
0.404,-1.087,0.281
0.244,-1.089,0.294
0.410,-1.015,0.407
0.195,-0.972,0.346
0.316,-0.918,0.327
0.206,-0.980,0.248
0.184,-0.949,0.310
0.327,-0.931,0.305
0.323,-0.943,0.375
0.240,-0.904,0.382
0.243,-0.883,0.391
0.231,-0.887,0.379
0.241,-0.915,0.467
0.207,-0.923,0.415
0.233,-0.894,0.427
0.270,-0.902,0.378
0.285,-0.870,0.370
0.270,-0.842,0.335
0.260,-0.837,0.311
0.241,-0.890,0.338
0.162,-0.907,0.310
0.220,-0.849,0.333
0.200,-0.874,0.170
0.044,-0.801,0.359
0.046,-0.798,0.402
0.088,-0.825,0.557
-0.123,-0.864,0.570
-0.075,-0.882,0.558
-0.116,-0.833,0.674
-0.137,-0.781,0.807
-0.212,-0.748,0.603
-0.270,-0.752,0.939
-0.062,-0.716,0.820
0.157,-0.606,1.050
-0.198,-0.462,1.186
-0.062,-0.697,1.270
-0.091,-0.656,0.863
0.059,-0.378,0.744
-0.216,-0.222,0.847
-0.031,-0.106,0.898
-0.126,-0.261,1.062
0.017,-0.255,0.992
0.249,-0.408,0.681
0.077,-0.310,1.127
0.046,-0.043,0.943
0.190,-0.191,0.961
0.063,-0.232,0.817
0.084,-0.195,0.881
-0.036,-0.066,1.065
0.085,-0.096,0.985
0.168,-0.022,1.171
0.133,-0.082,1.110
0.192,-0.040,1.322
0.150,-0.183,1.154
0.086,-0.076,1.040
-0.023,-0.111,0.997
0.127,-0.116,0.986
0.036,-0.002,1.109
-0.053,-0.090,1.043
0.087,0.012,1.036

 -,-,-
0.090,-0.352,1.081
-0.274,-0.691,1.031
-0.125,-0.652,1.170
0.272,-0.743,1.112
0.104,-0.697,1.182
0.147,-0.588,1.169
-0.152,-0.596,0.997
0.211,-0.535,0.845
0.026,-0.498,0.661
-0.040,-0.505,0.798
0.161,-0.471,0.335
0.194,-0.592,-0.195
0.643,-0.384,-0.314
0.502,-0.307,-0.846
0.604,-0.425,-0.830
0.910,-0.371,-1.255
0.612,-0.477,-1.302
0.940,-0.444,-1.391
0.953,-0.608,-1.665
0.762,-0.784,-1.851
1.438,-1.033,-2.928
1.487,-1.113,-2.324
0.708,-2.211,-1.283
1.033,0.276,0.271
-2.587,4.000,0.356
-2.398,0.404,1.047
1.828,-0.503,0.362
-1.222,0.019,0.436
0.461,-0.101,-0.336
-0.225,-0.162,-0.049
0.066,-0.124,-0.253
0.767,-1.055,-0.943
0.019,-1.394,0.102
0.322,-1.789,-0.305
0.641,-1.559,-0.149
0.036,-1.418,0.136
0.234,-1.000,0.037
0.189,-1.355,0.174
0.514,-1.015,0.169
-0.106,-1.027,0.198
-0.326,-2.489,0.362
-0.016,-1.357,0.279
0.446,-1.267,0.431
0.144,-1.273,0.388
0.204,-0.998,0.564
0.040,-0.963,0.610
0.087,-0.919,0.568
-0.212,-1.089,0.550
-0.047,-0.988,0.614
0.185,-1.090,0.559
-0.040,-1.001,0.570
-0.027,-0.891,0.513
0.073,-0.903,0.434
0.115,-0.886,0.441
0.229,-0.883,0.382
0.140,-0.832,0.475
0.018,-0.857,0.449
0.052,-0.861,0.487
0.100,-0.887,0.483
0.151,-0.866,0.448
0.125,-0.864,0.462
0.045,-0.873,0.488
0.031,-0.920,0.463
0.098,-0.913,0.521
0.063,-0.938,0.466
0.017,-0.881,0.515
0.014,-0.868,0.560
0.011,-0.879,0.512
0.024,-0.864,0.524
0.019,-0.912,0.470
-0.025,-0.905,0.512
-0.028,-0.915,0.473
-0.021,-0.886,0.493
-0.075,-0.865,0.413
-0.141,-0.880,0.414
-0.178,-0.915,0.401
-0.188,-0.926,0.405
-0.207,-0.937,0.453
-0.172,-0.990,0.457
-0.199,-0.976,0.516
-0.220,-0.948,0.542
-0.140,-0.924,0.526
-0.117,-0.939,0.479
-0.136,-0.909,0.498
-0.100,-0.869,0.460
-0.101,-0.865,0.480
-0.081,-0.847,0.495
-0.091,-0.860,0.480
-0.142,-0.867,0.513
-0.065,-0.854,0.495
-0.026,-0.865,0.517
-0.026,-0.912,0.499
-0.091,-0.880,0.527
-0.072,-0.888,0.488
-0.103,-0.877,0.510
-0.101,-0.870,0.507
-0.068,-0.916,0.498
-0.114,-0.910,0.542
-0.102,-0.887,0.531
-0.116,-0.889,0.518

 -,-,-
0.957,-0.637,-1.266
1.109,-0.793,-1.729
1.168,-0.946,-1.768
1.317,-1.163,-2.338
1.517,-1.095,-2.328
1.234,-1.367,-2.520
-1.569,-0.272,0.714
3.206,4.000,1.407
-0.094,1.693,0.264
-0.047,-0.411,-0.767
-0.110,-0.464,-0.136
0.226,-0.289,-0.167
-0.147,-0.251,-0.463
-0.364,0.036,0.177
0.317,-0.630,-0.391
0.383,-0.887,0.211
0.442,-1.623,-0.251
0.538,-1.677,-0.411
0.437,-1.542,-0.221
0.512,-1.447,-0.257
0.785,-1.393,-0.036
0.893,-0.387,-0.071
0.582,-0.973,-0.349
0.515,-0.962,-0.121
0.405,-0.991,-0.029
0.623,-1.112,-0.013
0.435,-1.077,0.063
0.562,-1.020,0.152
0.375,-1.074,0.134
0.277,-0.827,0.308
0.165,-0.939,0.288
0.243,-0.915,0.243
0.289,-0.899,0.249
0.309,-0.942,0.213
0.396,-0.918,0.284
0.322,-0.888,0.292
0.346,-0.875,0.363
0.228,-0.915,0.386
0.265,-0.891,0.398
0.255,-0.910,0.409
0.233,-0.884,0.428
0.199,-0.871,0.348
0.295,-0.852,0.400
0.222,-0.874,0.303
0.213,-0.906,0.334
0.272,-0.920,0.404
0.231,-0.943,0.353
0.168,-0.888,0.407
0.204,-0.904,0.378
0.209,-0.907,0.447
0.101,-0.932,0.424
0.223,-0.879,0.440
-0.002,-0.908,0.272
0.057,-0.904,0.341
-0.004,-0.888,0.207
-0.029,-0.879,0.278
0.040,-0.879,0.292
-0.097,-0.917,0.326
-0.188,-0.960,0.533
-0.224,-0.978,0.606
-0.217,-0.993,0.640
-0.250,-0.954,0.547
-0.252,-0.956,0.533
-0.219,-0.875,0.623
-0.229,-0.842,0.480
-0.219,-0.857,0.598
-0.159,-0.774,0.525
-0.255,-0.798,0.645
-0.208,-0.751,0.624
-0.286,-0.702,0.768
-0.186,-0.696,0.724
-0.241,-0.651,0.797
-0.342,-0.706,0.787
-0.310,-0.707,0.788
-0.388,-0.675,0.847
-0.286,-0.638,0.856
-0.311,-0.630,0.837
-0.282,-0.628,0.807
-0.251,-0.652,0.760
-0.290,-0.648,0.777
-0.259,-0.679,0.754
-0.295,-0.659,0.758
-0.272,-0.656,0.735
-0.243,-0.681,0.694
-0.326,-0.629,0.739
-0.262,-0.627,0.717
-0.331,-0.573,0.780
-0.292,-0.574,0.763
-0.297,-0.578,0.765
-0.282,-0.599,0.751
-0.313,-0.599,0.769
-0.290,-0.608,0.779
-0.292,-0.625,0.778
-0.288,-0.615,0.757
-0.261,-0.642,0.756
-0.305,-0.639,0.774
-0.277,-0.639,0.741
-0.348,-0.604,0.769
-0.349,-0.605,0.753
-0.337,-0.620,0.740

 -,-,-
3.012,0.425,0.766
-1.082,-0.756,0.566
-0.317,-0.602,0.904
-0.595,-0.639,0.814
-0.336,-0.610,0.778
-0.313,-0.607,0.774
-0.227,-0.595,0.627
-0.281,-0.575,0.725
-0.235,-0.600,0.807
-0.298,-0.672,0.765
-0.370,-0.596,0.756
-0.437,-0.622,0.768
-0.264,-0.587,0.937
-0.314,-0.576,0.790
-0.289,-0.579,0.753
-0.269,-0.546,0.778
-0.279,-0.571,0.716
-0.249,-0.517,0.795
-0.300,-0.566,0.766
-0.304,-0.575,0.885
-0.325,-0.594,0.858
-0.292,-0.584,0.828
-0.256,-0.514,0.854
-0.273,-0.587,0.771
-0.286,-0.575,0.894
-0.275,-0.563,0.769
-0.324,-0.544,0.874
-0.260,-0.557,0.811
-0.262,-0.524,0.853
-0.251,-0.573,0.766
-0.227,-0.521,0.841
-0.262,-0.546,0.786
-0.271,-0.540,0.847
-0.243,-0.552,0.802
-0.251,-0.546,0.850
-0.273,-0.574,0.813
-0.219,-0.552,0.848
-0.256,-0.560,0.806
-0.242,-0.549,0.835
-0.263,-0.557,0.846
-0.272,-0.584,0.819
-0.285,-0.578,0.853
-0.280,-0.560,0.834
-0.221,-0.553,0.806
-0.247,-0.545,0.830
-0.244,-0.557,0.817
-0.294,-0.552,0.841
-0.230,-0.577,0.804
-0.230,-0.559,0.831
-0.226,-0.528,0.826
-0.248,-0.545,0.782
-0.233,-0.557,0.773
-0.184,-0.615,0.759
-0.188,-0.501,0.937
-0.293,-0.556,0.779
-0.310,-0.494,0.903
-0.261,-0.547,0.820
-0.282,-0.561,0.814
-0.322,-0.576,0.744
-0.272,-0.585,0.824
-0.322,-0.493,0.922
-0.387,-0.468,0.911
-0.370,-0.462,0.935
-0.371,-0.515,0.860
-0.309,-0.504,0.822
-0.225,-0.531,0.786
-0.266,-0.535,0.843
-0.242,-0.529,0.834
-0.256,-0.534,0.823
-0.303,-0.520,0.815
-0.249,-0.519,0.801
-0.274,-0.518,0.798
-0.219,-0.515,0.833
-0.241,-0.522,0.841
-0.249,-0.575,0.804
-0.266,-0.564,0.897
-0.301,-0.550,0.910
-0.299,-0.551,0.822
-0.247,-0.509,0.853
-0.299,-0.525,0.815
-0.235,-0.516,0.766
-0.289,-0.449,0.885
-0.299,-0.519,0.849
-0.271,-0.554,0.836
-0.308,-0.552,0.863
-0.332,-0.544,0.880
-0.250,-0.494,0.840
-0.223,-0.517,0.789
-0.235,-0.515,0.833
-0.313,-0.512,0.890
-0.311,-0.557,0.858
-0.271,-0.552,0.902
-0.241,-0.532,0.847
-0.295,-0.510,0.807
-0.282,-0.506,0.807
-0.251,-0.506,0.802
-0.281,-0.486,0.865
-0.294,-0.548,0.865
-0.269,-0.548,0.894
-0.338,-0.551,0.932

 -,-,-
0.014,-0.766,1.829
0.047,-0.785,1.563
0.085,-0.687,1.432
0.246,-0.770,0.986
0.463,-0.724,0.263
0.926,-0.702,-0.233
0.540,-0.604,-0.385
0.574,-0.395,-0.706
0.447,-0.488,-1.234
0.912,-0.405,-0.939
0.836,-0.458,-1.592
0.824,-0.535,-1.285
1.026,-0.998,-2.281
1.403,-1.184,-2.623
1.488,-1.421,-2.645
-0.816,0.149,0.505
3.980,4.000,2.704
-0.486,1.606,-0.208
-0.573,-0.250,-0.053
-0.072,-0.726,0.089
0.003,-0.188,0.143
0.175,-0.353,-0.337
-0.394,-0.283,-0.066
0.315,-0.846,-0.208
0.325,-1.500,-0.235
0.477,-2.097,-0.200
0.583,-1.459,0.015
0.308,-1.487,-0.097
0.468,-1.157,-0.006
-0.075,-1.244,-0.111
-0.387,-0.797,-0.391
0.774,-1.511,-0.461
0.248,-0.781,-0.379
0.225,-0.962,-0.408
0.441,-1.026,-0.335
0.435,-0.950,-0.174
0.426,-0.947,-0.098
0.368,-0.881,-0.070
0.371,-0.922,0.010
0.418,-0.962,0.017
0.405,-0.958,0.018
0.345,-0.952,0.141
0.527,-0.935,0.155
0.350,-0.956,0.194
0.385,-0.904,0.235
0.343,-0.920,0.238
0.394,-0.949,0.215
0.450,-0.935,0.271
0.345,-0.878,0.291
0.350,-0.908,0.189
0.298,-0.922,0.150
0.250,-0.883,0.174
0.248,-0.894,0.190
0.240,-0.867,0.239
0.153,-0.872,0.191
0.182,-0.812,0.319
0.168,-0.830,0.302
0.124,-0.827,0.372
0.156,-0.902,0.498
0.163,-0.955,0.437
0.057,-0.929,0.597
-0.019,-0.842,0.465
-0.021,-0.859,0.662
-0.038,-0.784,0.509
0.019,-0.814,0.632
-0.102,-0.867,0.594
-0.008,-0.825,0.669
-0.103,-0.894,0.629
-0.068,-0.816,0.815
-0.204,-0.779,0.704
-0.021,-0.713,0.884
-0.080,-0.736,0.785
-0.036,-0.742,0.894
-0.081,-0.709,0.880
-0.146,-0.665,0.846
-0.143,-0.580,0.908
-0.020,-0.532,0.866
-0.182,-0.530,0.813
-0.042,-0.524,0.910
-0.120,-0.538,0.806
-0.079,-0.501,0.917
-0.057,-0.487,0.847
-0.161,-0.470,0.895
-0.067,-0.453,0.895
-0.125,-0.466,0.933
-0.146,-0.500,0.946
-0.070,-0.497,0.953
-0.119,-0.522,0.931
-0.100,-0.525,0.911
-0.100,-0.542,0.894
-0.152,-0.533,0.866
-0.205,-0.491,0.897
-0.126,-0.468,0.867
-0.209,-0.461,0.875
-0.127,-0.458,0.852
-0.228,-0.523,0.838
-0.197,-0.572,0.836
-0.130,-0.571,0.846
-0.249,-0.529,0.891
-0.161,-0.466,0.920

 -,-,-
0.947,-0.348,-1.506
0.869,-0.553,-1.362
1.092,-0.594,-1.891
1.118,-0.861,-1.862
1.134,-0.918,-2.526
1.281,-1.113,-2.594
0.287,-1.715,-1.106
0.978,-0.615,-0.326
3.216,4.000,2.449
-0.794,1.217,0.772
1.427,-0.848,-0.237
-0.029,-0.402,-0.012
-0.291,0.134,-0.085
-0.254,-0.028,0.147
0.095,-0.338,-0.421
0.453,-0.568,-0.187
0.658,-1.483,-0.300
0.609,-1.744,0.006
0.627,-1.592,-0.055
0.670,-1.402,0.328
0.443,-1.299,0.259
0.484,-1.242,0.434
1.750,-1.303,0.315
1.070,-0.599,0.315
0.313,-1.102,0.023
0.658,-1.024,0.384
0.531,-0.964,0.471
0.524,-0.834,0.343
0.443,-0.850,0.379
0.299,-0.840,0.468
0.024,-0.997,0.402
0.108,-0.815,0.525
0.178,-0.948,0.465
0.286,-0.892,0.584
0.340,-0.804,0.556
0.206,-0.751,0.513
0.170,-0.778,0.594
0.175,-0.785,0.590
0.133,-0.798,0.633
0.185,-0.822,0.651
0.229,-0.819,0.643
0.149,-0.798,0.633
0.148,-0.802,0.590
0.130,-0.807,0.547
0.155,-0.808,0.469
0.092,-0.801,0.623
0.044,-0.821,0.482
0.077,-0.785,0.639
0.109,-0.801,0.588
0.006,-0.844,0.644
-0.034,-0.872,0.605
-0.052,-0.867,0.644
-0.142,-0.888,0.622
-0.168,-0.877,0.672
-0.140,-0.885,0.599
-0.208,-0.829,0.672
-0.170,-0.843,0.565
-0.154,-0.817,0.564
-0.143,-0.821,0.546
-0.114,-0.820,0.601
-0.170,-0.871,0.559
-0.088,-0.839,0.618
-0.124,-0.830,0.584
-0.111,-0.782,0.603
-0.170,-0.791,0.581
-0.155,-0.785,0.677
-0.127,-0.812,0.579
-0.143,-0.817,0.634
-0.165,-0.807,0.609
-0.179,-0.797,0.627
-0.234,-0.784,0.656
-0.113,-0.755,0.657
-0.135,-0.754,0.658
-0.142,-0.750,0.715
-0.193,-0.755,0.710
-0.105,-0.761,0.698
-0.122,-0.759,0.736
-0.149,-0.774,0.713
-0.132,-0.735,0.741
-0.127,-0.718,0.714
-0.068,-0.712,0.726
-0.062,-0.709,0.723
-0.084,-0.717,0.713
-0.094,-0.698,0.742
-0.085,-0.684,0.770
-0.045,-0.714,0.696
-0.090,-0.738,0.723
-0.037,-0.758,0.697
-0.092,-0.775,0.685
-0.083,-0.753,0.719
-0.104,-0.756,0.689
-0.085,-0.732,0.700
-0.099,-0.716,0.700
-0.073,-0.723,0.682
-0.084,-0.719,0.698
-0.092,-0.727,0.701
-0.070,-0.727,0.709
-0.078,-0.736,0.700
-0.078,-0.740,0.735
-0.075,-0.762,0.714

 -,-,-
0.906,-0.463,-1.102
1.043,-0.509,-1.569
0.907,-0.665,-1.333
0.956,-0.842,-1.600
1.497,-1.255,-2.822
1.315,-1.487,-2.581
1.138,-2.024,-1.800
-0.267,0.429,1.110
2.625,4.000,1.565
-2.486,0.748,0.663
2.695,-0.876,-0.058
-0.887,-0.133,0.386
0.269,-0.427,-0.748
-0.135,-0.078,0.041
-0.114,-0.225,-0.282
0.487,-0.653,-0.649
0.357,-1.283,-0.013
0.750,-1.609,-0.573
0.321,-1.643,0.117
0.365,-1.585,0.211
0.383,-1.617,0.032
-0.221,-1.142,0.231
1.297,-2.393,-0.013
0.113,-0.497,0.128
0.250,-1.115,0.301
0.277,-1.124,0.361
0.198,-1.118,0.589
0.341,-0.978,0.674
0.123,-1.063,0.416
0.184,-0.845,0.555
-0.043,-1.056,0.397
0.031,-0.880,0.489
-0.044,-0.846,0.514
-0.095,-0.894,0.523
0.137,-0.876,0.535
0.040,-0.865,0.571
-0.079,-0.837,0.519
-0.077,-0.859,0.550
-0.045,-0.839,0.547
-0.026,-0.861,0.518
-0.084,-0.827,0.641
-0.015,-0.876,0.538
0.000,-0.891,0.532
0.068,-0.883,0.511
-0.046,-0.854,0.476
-0.155,-0.828,0.535
-0.090,-0.859,0.474
-0.134,-0.914,0.532
-0.077,-0.956,0.551
-0.021,-0.936,0.568
-0.108,-0.879,0.556
-0.101,-0.805,0.637
-0.158,-0.735,0.650
-0.178,-0.693,0.606
-0.149,-0.716,0.540
-0.300,-0.816,0.537
-0.141,-0.786,0.585
-0.092,-0.829,0.557
-0.183,-0.793,0.608
-0.188,-0.724,0.650
-0.163,-0.786,0.641
-0.186,-0.720,0.683
-0.133,-0.716,0.705
-0.197,-0.734,0.708
-0.234,-0.779,0.776
-0.221,-0.749,0.773
-0.175,-0.704,0.798
-0.230,-0.661,0.759
-0.237,-0.654,0.685
-0.354,-0.656,0.647
-0.323,-0.617,0.712
-0.402,-0.601,0.727
-0.368,-0.577,0.774
-0.311,-0.618,0.756
-0.490,-0.590,0.844
-0.378,-0.550,0.752
-0.398,-0.554,0.742
-0.456,-0.527,0.772
-0.396,-0.526,0.722
-0.524,-0.472,0.830
-0.456,-0.486,0.715
-0.506,-0.502,0.757
-0.542,-0.526,0.752
-0.512,-0.525,0.719
-0.537,-0.533,0.757
-0.487,-0.528,0.729
-0.523,-0.496,0.781
-0.511,-0.482,0.776
-0.516,-0.482,0.784
-0.543,-0.500,0.773
-0.492,-0.520,0.744
-0.499,-0.526,0.741
-0.523,-0.527,0.742
-0.523,-0.526,0.734
-0.501,-0.512,0.725
-0.499,-0.501,0.750
-0.442,-0.484,0.709
-0.456,-0.475,0.693
-0.462,-0.485,0.717
-0.472,-0.493,0.673

 -,-,-
0.784,-0.448,-1.455
0.986,-0.601,-1.334
1.266,-0.900,-1.997
1.137,-1.227,-1.935
1.426,-1.341,-2.469
0.870,-1.279,-2.045
-0.004,-1.651,0.045
1.473,2.855,-0.257
-2.234,2.762,0.880
-3.778,0.787,0.023
1.702,-1.003,-0.081
-0.536,0.033,0.142
-0.114,-0.249,-0.346
-0.180,0.025,-0.089
0.441,-0.403,-0.357
0.273,-0.492,-0.219
0.581,-1.352,-0.401
0.400,-1.438,-0.572
0.728,-1.609,-0.407
0.422,-1.728,-0.349
0.756,-1.492,-0.188
0.642,-1.420,-0.085
0.440,-0.788,-0.186
0.383,-1.255,-0.116
0.336,-1.098,-0.114
0.091,-1.109,0.024
0.264,-1.003,0.119
0.141,-0.883,0.151
0.134,-1.040,0.137
0.282,-1.027,0.249
0.071,-1.095,0.174
0.000,-1.192,0.246
0.161,-0.972,0.360
-0.013,-0.985,0.276
0.163,-0.954,0.336
0.159,-0.948,0.364
0.075,-0.920,0.365
0.115,-0.899,0.376
0.155,-0.946,0.389
0.126,-0.937,0.381
0.068,-0.933,0.382
0.166,-0.915,0.386
0.173,-0.885,0.378
0.087,-0.912,0.372
0.035,-0.899,0.379
0.050,-0.891,0.430
0.062,-0.879,0.390
0.006,-0.907,0.474
-0.027,-0.933,0.445
0.122,-0.902,0.543
-0.083,-0.910,0.513
-0.033,-0.935,0.506
-0.062,-0.966,0.423
-0.142,-0.961,0.448
-0.069,-0.979,0.415
-0.163,-1.000,0.400
-0.133,-0.970,0.441
-0.142,-0.879,0.443
-0.144,-0.856,0.538
-0.218,-0.875,0.339
-0.250,-0.800,0.532
-0.261,-0.913,0.501
-0.243,-0.846,0.710
-0.178,-0.915,0.538
-0.170,-0.828,0.594
-0.247,-0.853,0.619
-0.236,-0.821,0.592
-0.258,-0.845,0.666
-0.184,-0.856,0.605
-0.179,-0.837,0.581
-0.157,-0.816,0.593
-0.182,-0.824,0.560
-0.161,-0.828,0.542
-0.256,-0.794,0.567
-0.204,-0.757,0.579
-0.191,-0.772,0.598
-0.226,-0.795,0.630
-0.151,-0.822,0.642
-0.233,-0.860,0.602
-0.198,-0.858,0.636
-0.174,-0.840,0.610
-0.202,-0.785,0.644
-0.208,-0.732,0.650
-0.186,-0.729,0.626
-0.218,-0.762,0.638
-0.236,-0.786,0.625
-0.203,-0.772,0.597
-0.223,-0.747,0.628
-0.211,-0.743,0.646
-0.228,-0.753,0.654
-0.232,-0.782,0.673
-0.239,-0.792,0.687
-0.261,-0.772,0.696
-0.248,-0.771,0.713
-0.246,-0.747,0.702
-0.216,-0.734,0.658
-0.211,-0.753,0.638
-0.212,-0.764,0.616
-0.215,-0.772,0.656
-0.204,-0.743,0.688

 -,-,-
1.158,-0.525,-1.801
0.899,-0.683,-1.883
0.954,-1.130,-2.353
1.472,-0.729,-2.528
1.544,-1.451,-2.939
-0.132,-0.908,-0.346
2.023,0.537,-0.990
0.745,4.000,1.689
-3.198,0.836,0.807
2.330,-0.423,0.455
-0.623,-0.534,-0.084
0.506,-0.226,-0.077
-0.279,-0.227,-0.597
0.192,-0.289,-0.135
0.046,-0.432,-0.276
0.525,-1.208,-0.369
0.565,-1.374,-0.639
0.756,-1.340,-0.497
0.506,-1.723,-0.261
0.835,-1.822,-0.255
0.644,-1.474,0.083
0.439,-1.383,-0.022
0.366,-1.123,0.034
3.217,1.455,0.615
0.735,-0.757,0.394
0.295,-0.986,0.289
0.102,-0.830,0.448
0.179,-0.812,0.392
0.144,-0.815,0.447
0.233,-0.987,0.437
0.089,-0.901,0.492
0.112,-0.865,0.534
0.131,-0.926,0.539
0.085,-0.928,0.551
-0.011,-0.943,0.479
0.086,-0.908,0.546
0.061,-0.878,0.526
-0.042,-0.845,0.541
0.051,-0.851,0.521
0.007,-0.899,0.471
0.017,-0.894,0.466
0.051,-0.878,0.458
-0.042,-0.875,0.442
-0.042,-0.916,0.431
0.027,-0.920,0.490
-0.090,-0.933,0.441
-0.048,-0.869,0.527
0.044,-0.911,0.499
-0.113,-0.926,0.469
-0.051,-0.900,0.524
0.017,-0.922,0.518
-0.086,-0.907,0.556
-0.038,-0.896,0.584
-0.033,-0.889,0.499
-0.104,-0.891,0.486
-0.094,-0.912,0.454
-0.045,-0.962,0.465
-0.098,-0.936,0.455
-0.091,-0.902,0.512
-0.075,-0.872,0.509
-0.152,-0.907,0.479
-0.033,-0.876,0.492
-0.100,-0.876,0.505
-0.102,-0.863,0.522
-0.086,-0.927,0.525
-0.159,-0.860,0.568
-0.108,-0.838,0.572
-0.057,-0.829,0.562
-0.087,-0.837,0.487
-0.005,-0.840,0.488
-0.075,-0.863,0.471
-0.082,-0.863,0.521
0.028,-0.915,0.515
-0.069,-0.947,0.534
0.002,-0.946,0.576
-0.069,-0.903,0.551
-0.100,-0.860,0.576
-0.072,-0.827,0.585
-0.100,-0.836,0.565
-0.037,-0.820,0.598
-0.041,-0.810,0.563
-0.068,-0.810,0.561
-0.075,-0.829,0.567
-0.109,-0.844,0.583
-0.110,-0.825,0.614
-0.096,-0.817,0.617
-0.118,-0.835,0.620
-0.094,-0.833,0.610
-0.139,-0.830,0.605
-0.125,-0.814,0.598
-0.146,-0.829,0.560
-0.120,-0.811,0.575
-0.113,-0.807,0.566
-0.108,-0.820,0.596
-0.100,-0.837,0.607
-0.120,-0.839,0.624
-0.091,-0.836,0.600
-0.161,-0.843,0.632
-0.129,-0.829,0.591
-0.152,-0.835,0.576

 -,-,-
0.397,-0.760,0.752
-0.381,-0.752,0.584
0.093,-0.756,0.709
0.154,-0.863,0.504
0.280,-0.877,0.435
-0.015,-0.702,0.619
-0.073,-0.806,0.415
0.315,-0.771,0.367
0.023,-0.788,0.392
0.415,-0.842,0.345
0.262,-0.954,0.308
0.204,-0.859,0.633
0.223,-0.942,0.649
0.368,-1.072,0.855
0.270,-1.013,0.906
0.025,-0.840,0.876
0.046,-0.784,0.884
0.112,-0.747,0.830
0.314,-0.644,0.675
0.250,-0.573,0.178
0.401,-0.523,-0.055
0.674,-0.273,-0.441
0.422,-0.484,-0.710
0.632,-0.456,-0.960
0.723,-0.296,-0.937
0.659,-0.414,-1.006
0.878,-0.470,-1.324
0.902,-0.478,-1.604
1.092,-0.698,-1.351
1.163,-0.768,-2.070
1.307,-1.243,-2.153
1.295,-1.681,-2.282
1.196,-2.091,-1.387
0.591,-0.340,0.891
3.702,4.000,2.632
1.315,-0.026,0.650
1.261,-0.694,-0.504
-0.836,0.283,0.223
0.432,0.011,-0.132
-0.004,-0.245,-0.329
-0.195,-0.167,-0.260
0.517,-0.823,-0.247
0.491,-1.500,-0.239
0.485,-1.555,0.308
0.508,-1.322,0.165
0.731,-1.387,0.569
0.815,-1.497,0.325
0.962,-1.063,0.508
0.917,-1.438,0.264
0.489,-0.637,0.304
0.633,-0.774,0.280
0.381,-1.076,0.294
0.496,-0.955,0.477
0.401,-0.945,0.474
0.395,-0.803,0.513
0.178,-0.766,0.563
0.222,-0.714,0.512
0.141,-0.852,0.565
0.111,-0.854,0.599
0.153,-0.858,0.530
0.162,-0.825,0.642
0.221,-0.822,0.538
0.131,-0.785,0.617
0.126,-0.809,0.577
0.165,-0.817,0.521
0.065,-0.844,0.560
0.092,-0.827,0.574
0.146,-0.847,0.542
0.170,-0.818,0.538
0.119,-0.864,0.472
0.099,-0.835,0.457
0.113,-0.846,0.577
0.030,-0.854,0.452
0.113,-0.880,0.570
0.109,-0.875,0.498
-0.051,-0.898,0.510
0.078,-0.881,0.537
0.002,-0.988,0.477
-0.048,-0.934,0.522
0.016,-0.956,0.411
-0.024,-0.946,0.436
-0.083,-0.940,0.389
-0.075,-0.936,0.398
-0.235,-0.947,0.392
-0.110,-0.900,0.447
-0.092,-0.915,0.419
-0.116,-0.856,0.541
-0.094,-0.880,0.422
0.009,-0.865,0.527
-0.104,-0.953,0.468
-0.108,-0.944,0.482
-0.098,-0.960,0.506
-0.154,-0.913,0.508
-0.162,-0.847,0.531
-0.139,-0.880,0.501
-0.165,-0.853,0.502
-0.177,-0.855,0.501
-0.186,-0.881,0.516
-0.141,-0.892,0.516
-0.189,-0.869,0.523

 -,-,-
4.000,-0.187,3.146
-2.060,-0.628,0.211
-0.962,-0.565,0.609
-0.852,-0.683,0.787
-0.506,-0.456,0.594
-0.420,-0.155,0.998
-0.344,-0.189,1.147
-0.097,-0.522,0.789
-0.203,-0.602,0.960
-0.019,-0.512,0.871
-0.101,-0.573,1.005
-0.094,-0.554,0.935
-0.031,-0.506,0.890
-0.046,-0.474,0.841
-0.098,-0.356,0.668
-0.059,-0.359,0.740
0.055,-0.400,0.696
0.126,-0.484,0.813
-0.008,-0.575,0.805
0.057,-0.589,0.811
-0.036,-0.571,0.883
0.028,-0.610,0.817
0.013,-0.606,0.818
0.031,-0.621,0.846
-0.044,-0.589,0.755
-0.057,-0.604,0.765
0.004,-0.561,0.748
-0.069,-0.588,0.722
-0.007,-0.575,0.780
0.017,-0.622,0.885
-0.037,-0.709,0.880
-0.038,-0.678,0.910
-0.007,-0.640,0.954
-0.080,-0.665,0.864
-0.062,-0.628,0.923
0.090,-0.714,1.026
0.004,-0.699,1.192
0.063,-0.753,1.324
0.042,-0.716,1.204
0.031,-0.647,1.119
0.331,-0.436,1.124
0.091,-0.712,0.287
0.215,-0.505,0.419
0.149,-0.439,-0.024
0.266,-0.345,-0.484
0.737,-0.215,-0.404
0.654,-0.439,-1.229
0.915,-0.478,-1.542
1.001,-0.554,-1.602
0.809,-0.739,-1.849
0.920,-1.084,-2.198
1.413,-1.205,-2.336
1.323,-1.370,-2.558
0.601,-2.087,-1.590
1.054,0.926,0.663
-2.224,4.000,0.175
-4.000,0.367,0.839
1.274,-0.574,0.184
-0.827,0.128,-0.105
0.568,-0.161,-0.454
-0.336,-0.124,-0.324
0.202,-0.275,-0.468
0.313,-0.607,-0.351
0.143,-0.863,0.020
0.424,-1.514,-0.423
0.338,-1.305,-0.268
0.775,-1.920,-0.227
0.586,-1.479,-0.040
0.417,-1.512,-0.099
0.744,-1.245,0.024
0.487,-1.275,0.220
0.132,-1.206,0.256
0.207,-1.171,0.463
0.169,-1.177,0.246
-0.014,-1.081,0.250
0.176,-1.016,0.279
-0.085,-0.999,0.157
0.109,-0.911,0.306
0.226,-0.979,0.316
-0.012,-0.963,0.295
0.170,-0.958,0.392
0.195,-0.948,0.379
0.073,-0.901,0.393
0.178,-0.868,0.399
0.180,-0.891,0.414
0.108,-0.918,0.432
0.088,-0.933,0.453
0.114,-0.888,0.536
0.165,-0.941,0.487
0.116,-0.954,0.387
0.034,-0.981,0.372
0.172,-0.895,0.457
0.040,-0.903,0.377
0.001,-0.823,0.487
0.060,-0.799,0.437
-0.023,-0.906,0.382
-0.002,-0.886,0.451
-0.017,-0.894,0.440
-0.065,-0.921,0.423
-0.121,-0.919,0.476

 -,-,-
1.022,-0.439,-1.249
0.961,-0.601,-1.868
1.074,-0.604,-1.548
0.939,-1.129,-2.469
1.478,-1.089,-2.495
0.994,-1.818,-2.426
-0.288,-0.665,0.762
-0.085,2.460,0.453
-2.147,2.875,1.288
-0.906,0.462,-0.509
0.570,-0.716,-0.195
0.061,-0.120,0.019
0.048,-0.275,-0.562
-0.498,-0.087,-0.187
0.102,-0.063,-0.256
0.228,-0.423,-0.330
0.740,-1.459,-0.674
0.376,-1.639,-0.413
0.741,-1.661,-0.092
0.521,-1.475,-0.017
0.426,-1.360,0.241
0.109,-1.094,0.027
-0.124,-1.559,0.169
0.373,-1.153,0.275
0.224,-1.317,0.257
0.118,-1.196,0.451
0.200,-1.037,0.294
0.016,-1.153,0.198
0.201,-0.874,0.276
-0.017,-1.117,0.157
0.004,-0.954,0.271
0.074,-1.018,0.339
0.103,-1.003,0.310
0.080,-1.051,0.401
0.010,-1.050,0.349
-0.057,-0.978,0.344
-0.083,-0.968,0.341
-0.061,-0.950,0.336
-0.043,-0.985,0.284
-0.159,-1.006,0.284
-0.042,-1.008,0.299
-0.026,-0.969,0.359
-0.066,-0.952,0.381
-0.040,-0.922,0.373
-0.075,-0.912,0.418
-0.038,-0.942,0.439
-0.076,-0.931,0.431
-0.064,-0.896,0.489
-0.079,-0.955,0.426
-0.037,-0.902,0.529
-0.046,-0.931,0.514
-0.070,-0.884,0.475
-0.096,-0.861,0.471
-0.071,-0.811,0.488
-0.100,-0.765,0.524
-0.121,-0.800,0.571
-0.106,-0.809,0.579
-0.089,-0.837,0.709
-0.108,-0.788,0.680
-0.069,-0.728,0.753
-0.054,-0.758,0.707
-0.095,-0.740,0.781
-0.033,-0.741,0.773
-0.043,-0.732,0.720
-0.072,-0.740,0.758
-0.042,-0.712,0.720
-0.077,-0.665,0.722
-0.064,-0.717,0.736
-0.093,-0.705,0.725
-0.107,-0.646,0.777
-0.166,-0.681,0.715
-0.122,-0.683,0.780
-0.124,-0.688,0.766
-0.095,-0.663,0.784
-0.096,-0.658,0.765
-0.085,-0.649,0.802
-0.132,-0.708,0.686
-0.176,-0.692,0.760
-0.169,-0.699,0.739
-0.135,-0.653,0.779
-0.153,-0.669,0.758
-0.148,-0.698,0.734
-0.123,-0.710,0.728
-0.126,-0.709,0.742
-0.149,-0.724,0.729
-0.148,-0.686,0.720
-0.159,-0.724,0.730
-0.141,-0.730,0.731
-0.142,-0.693,0.769
-0.173,-0.663,0.781
-0.179,-0.705,0.728
-0.161,-0.706,0.747
-0.131,-0.696,0.725
-0.126,-0.708,0.704
-0.130,-0.715,0.708
-0.140,-0.695,0.741
-0.172,-0.702,0.737
-0.163,-0.679,0.776
-0.158,-0.667,0.716
-0.178,-0.677,0.740

 -,-,-
-0.074,-0.866,0.424
-0.138,-0.827,0.599
-0.241,-0.681,0.866
-0.420,-0.887,0.523
-0.167,-0.668,0.863
0.150,-0.819,0.668
-0.218,-0.638,1.143
-0.037,-0.895,0.916
0.072,-0.735,1.011
-0.049,-0.948,1.026
0.181,-0.930,1.017
0.223,-0.747,1.028
0.140,-0.664,0.913
0.058,-0.543,1.014
0.448,-0.305,0.874
0.148,-0.578,0.316
0.481,-0.367,0.165
0.560,-0.473,-0.645
0.503,-0.301,-0.475
0.862,-0.298,-0.995
0.654,-0.559,-1.416
1.076,-0.557,-1.320
0.987,-0.731,-1.766
0.933,-0.837,-2.003
0.890,-1.104,-2.310
1.387,-1.285,-2.425
1.216,-2.197,-1.624
0.300,-0.305,0.341
2.109,4.000,0.661
-2.056,0.744,0.796
2.392,-0.287,0.466
-0.425,-0.383,-0.525
0.385,-0.155,0.248
-0.438,-0.256,-0.278
0.349,-0.399,0.183
0.490,-0.843,-0.317
0.241,-1.180,-0.147
0.579,-1.413,-0.418
0.485,-1.381,-0.402
0.475,-1.633,-0.077
0.566,-1.384,-0.376
0.826,-1.542,-0.113
0.331,-1.215,-0.062
0.371,-1.154,0.198
0.080,-1.183,0.337
-0.013,-1.305,0.325
0.010,-1.153,0.317
0.093,-1.089,0.347
0.149,-1.035,0.217
0.042,-1.064,0.284
0.214,-1.013,0.313
-0.040,-1.007,0.294
0.150,-0.909,0.379
0.110,-0.935,0.365
0.190,-0.929,0.319
0.109,-0.955,0.349
0.171,-0.941,0.369
0.054,-0.953,0.412
0.082,-0.957,0.436
0.071,-0.980,0.410
0.094,-0.967,0.383
0.176,-0.959,0.361
0.152,-0.924,0.365
0.117,-0.911,0.338
0.135,-0.891,0.367
0.083,-0.868,0.321
0.151,-0.825,0.407
0.087,-0.883,0.410
0.097,-0.923,0.439
0.113,-0.916,0.534
0.154,-0.925,0.533
0.041,-0.906,0.497
0.083,-0.875,0.553
0.036,-0.872,0.557
-0.003,-0.855,0.578
0.075,-0.848,0.537
-0.005,-0.888,0.493
0.043,-0.857,0.549
0.006,-0.890,0.473
0.068,-0.869,0.572
-0.028,-0.877,0.510
0.010,-0.866,0.558
-0.003,-0.872,0.498
-0.059,-0.868,0.535
0.005,-0.880,0.492
-0.072,-0.910,0.493
-0.013,-0.911,0.510
-0.067,-0.923,0.558
-0.103,-0.882,0.560
-0.077,-0.834,0.579
-0.089,-0.830,0.589
-0.080,-0.842,0.570
-0.043,-0.819,0.623
-0.080,-0.818,0.589
-0.067,-0.798,0.603
-0.102,-0.810,0.605
-0.107,-0.805,0.643
-0.075,-0.803,0.657
-0.133,-0.776,0.724
-0.122,-0.792,0.693

 -,-,-
0.580,-0.783,0.989
0.022,-1.099,0.378
-0.158,-0.859,0.638
-0.176,-0.763,0.755
-0.215,-0.779,0.607
-0.018,-0.674,0.963
0.092,-0.912,0.530
0.030,-0.769,0.377
-0.056,-0.484,0.775
-0.045,-0.657,0.750
0.023,-0.642,0.844
0.255,-0.792,0.893
0.152,-0.817,0.756
0.105,-0.744,0.748
0.134,-0.677,0.754
0.057,-0.655,0.671
0.104,-0.669,0.704
0.159,-0.630,0.616
0.150,-0.607,0.610
0.072,-0.695,0.602
0.129,-0.658,0.813
0.179,-0.750,0.827
0.081,-0.758,0.767
0.030,-0.751,0.798
0.110,-0.769,0.811
0.189,-0.747,0.791
0.151,-0.722,0.780
0.113,-0.722,0.745
0.096,-0.686,0.684
0.056,-0.741,0.684
0.141,-0.728,0.639
0.190,-0.725,0.907
0.200,-0.894,0.922
0.131,-0.768,1.184
0.036,-0.725,1.033
0.222,-0.636,0.869
0.377,-0.718,0.870
0.307,-0.477,0.572
0.185,-0.348,0.119
0.179,-0.392,-0.418
0.558,-0.020,-0.823
0.621,-0.513,-1.147
0.922,-0.519,-1.167
0.868,-0.466,-1.428
1.091,-0.517,-1.537
0.931,-0.616,-1.672
1.063,-0.753,-1.903
1.836,-0.980,-3.040
1.142,-0.862,-2.049
0.040,-1.227,-0.360
2.537,2.538,-0.551
-4.000,3.900,1.296
-3.663,0.807,0.182
1.773,-0.546,-0.368
-0.293,0.128,0.260
0.034,-0.041,-0.432
0.092,-0.214,-0.112
0.021,-0.417,-0.330
0.352,-1.055,-0.307
0.213,-1.507,-0.126
0.846,-1.432,-0.449
0.589,-1.790,0.037
1.545,-1.857,-0.106
0.803,-1.358,-0.041
0.781,-1.619,-0.186
0.540,-1.310,-0.103
0.604,-1.048,0.118
0.498,-1.004,0.307
0.201,-1.036,0.242
0.286,-0.935,0.465
0.098,-0.908,0.258
0.301,-0.873,0.380
0.316,-0.932,0.369
0.268,-0.902,0.372
0.233,-0.936,0.395
0.280,-0.882,0.454
0.200,-0.838,0.454
0.263,-0.822,0.484
0.279,-0.848,0.490
0.215,-0.838,0.450
0.239,-0.867,0.426
0.243,-0.886,0.424
0.308,-0.865,0.368
0.282,-0.908,0.405
0.087,-0.928,0.338
0.230,-0.926,0.451
0.257,-0.927,0.398
0.157,-0.966,0.236
0.317,-0.921,0.405
0.125,-0.963,0.296
0.195,-0.880,0.420
0.153,-0.893,0.385
0.063,-0.953,0.373
0.028,-1.035,0.442
-0.023,-0.977,0.432
-0.029,-0.911,0.412
0.020,-0.927,0.344
-0.064,-0.977,0.301
0.112,-0.976,0.314
0.035,-0.996,0.306

 -,-,-
0.957,-0.753,-1.567
1.131,-0.682,-1.652
1.186,-0.780,-1.379
1.278,-1.144,-2.568
1.454,-1.149,-2.729
1.653,-1.603,-2.175
-0.474,-0.730,-0.056
4.000,4.000,2.301
-0.219,1.987,0.151
-1.624,0.233,0.108
0.004,-0.604,0.041
-0.470,0.095,0.395
0.444,-0.162,-0.141
-0.410,-0.314,0.234
0.501,-0.346,0.028
0.389,-1.441,-0.349
0.280,-1.473,-0.255
0.479,-1.384,-0.706
0.318,-1.850,-0.193
0.622,-1.234,-0.307
0.857,-1.874,-0.168
0.567,-1.139,-0.162
0.370,-1.246,-0.028
0.556,-1.135,0.074
0.479,-1.018,0.170
0.314,-1.011,0.285
0.221,-1.041,0.186
0.291,-0.994,0.299
0.302,-1.022,0.278
0.156,-0.978,0.309
0.321,-0.888,0.340
0.174,-0.923,0.326
0.347,-0.846,0.344
0.225,-0.884,0.308
0.339,-0.849,0.318
0.317,-0.876,0.356
0.284,-0.904,0.393
0.315,-0.958,0.350
0.162,-0.943,0.390
0.288,-0.935,0.425
0.272,-0.920,0.417
0.162,-0.922,0.439
0.283,-0.922,0.445
0.188,-0.906,0.327
0.063,-0.916,0.348
0.133,-0.912,0.397
0.070,-0.915,0.320
0.157,-0.899,0.444
0.124,-0.932,0.327
0.053,-0.919,0.365
0.136,-0.937,0.352
0.105,-0.962,0.371
0.125,-0.957,0.403
0.157,-0.942,0.456
0.048,-0.954,0.383
0.145,-0.924,0.491
-0.022,-0.930,0.422
0.041,-0.937,0.501
0.113,-0.940,0.483
-0.029,-0.953,0.484
0.063,-0.925,0.541
0.013,-0.927,0.521
0.058,-0.888,0.549
0.086,-0.888,0.545
-0.005,-0.861,0.504
0.051,-0.857,0.518
0.039,-0.836,0.527
-0.040,-0.866,0.497
0.056,-0.861,0.533
-0.026,-0.890,0.523
0.010,-0.868,0.545
0.063,-0.872,0.567
-0.050,-0.868,0.512
0.070,-0.860,0.555
0.016,-0.864,0.549
0.034,-0.889,0.527
0.030,-0.886,0.559
-0.011,-0.886,0.526
0.030,-0.870,0.554
0.002,-0.855,0.543
0.022,-0.847,0.547
0.027,-0.835,0.572
0.028,-0.845,0.549
-0.013,-0.845,0.572
0.011,-0.855,0.582
0.008,-0.840,0.594
-0.002,-0.843,0.602
0.019,-0.841,0.601
-0.001,-0.854,0.580
-0.020,-0.860,0.599
-0.016,-0.844,0.587
-0.011,-0.829,0.587
-0.002,-0.834,0.572
0.020,-0.845,0.580
0.023,-0.840,0.576
-0.026,-0.848,0.565
0.019,-0.857,0.565
-0.017,-0.869,0.567
-0.016,-0.870,0.585
-0.014,-0.856,0.522

 -,-,-
1.124,-0.706,-1.612
1.021,-0.708,-1.484
1.128,-1.072,-2.309
1.291,-1.017,-2.354
1.364,-1.213,-2.406
0.956,-1.920,-1.336
-0.055,2.713,1.279
-3.845,3.589,-0.801
-1.443,0.714,0.782
0.712,-0.085,0.113
-0.911,-0.004,0.530
0.252,-0.172,-0.433
-0.057,-0.757,-0.318
-0.219,-0.487,-0.244
0.645,-1.092,-0.589
0.521,-1.546,0.028
1.015,-1.414,-0.501
0.785,-1.770,-0.078
0.937,-1.219,-0.179
1.544,-1.534,-0.082
0.570,-1.053,-0.067
0.515,-1.231,0.149
0.396,-1.119,0.212
0.187,-1.031,0.160
0.323,-1.039,0.439
0.276,-0.926,0.324
0.196,-0.961,0.305
0.250,-0.928,0.301
-0.019,-0.950,0.229
0.308,-0.920,0.263
0.315,-0.959,0.266
0.323,-0.891,0.274
0.274,-0.878,0.299
0.265,-0.894,0.277
0.218,-0.915,0.281
0.287,-0.911,0.339
0.303,-0.893,0.368
0.112,-0.880,0.355
0.196,-0.990,0.297
0.183,-1.005,0.317
0.123,-0.987,0.263
0.133,-0.940,0.263
0.167,-0.990,0.244
0.065,-1.015,0.271
0.103,-1.009,0.253
0.075,-0.971,0.323
0.100,-0.950,0.344
0.106,-0.976,0.390
0.139,-0.993,0.385
0.165,-0.970,0.368
0.173,-0.982,0.322
0.114,-1.010,0.365
0.176,-0.975,0.311
0.097,-0.883,0.288
0.093,-0.844,0.356
0.084,-0.874,0.290
0.076,-0.907,0.421
0.077,-0.926,0.356
0.027,-0.951,0.369
0.091,-0.873,0.431
0.060,-0.961,0.396
0.109,-0.865,0.599
0.089,-0.934,0.502
0.078,-0.852,0.583
0.012,-0.867,0.518
0.068,-0.899,0.541
0.144,-0.952,0.523
0.087,-0.910,0.522
0.181,-0.946,0.450
0.199,-0.884,0.488
0.150,-0.878,0.388
0.163,-0.839,0.417
0.200,-0.866,0.403
0.137,-0.895,0.366
0.166,-0.926,0.359
0.170,-1.005,0.350
0.098,-0.998,0.352
0.104,-0.972,0.378
0.137,-0.983,0.397
0.070,-0.950,0.389
0.037,-0.934,0.460
0.113,-0.896,0.474
-0.018,-0.881,0.459
-0.007,-0.863,0.507
-0.020,-0.902,0.452
-0.032,-0.883,0.483
0.003,-0.869,0.460
-0.010,-0.909,0.485
-0.009,-0.934,0.518
-0.070,-0.875,0.568
-0.027,-0.867,0.624
-0.074,-0.859,0.563
-0.086,-0.865,0.576
-0.069,-0.885,0.514
-0.047,-0.859,0.552
-0.085,-0.854,0.542
-0.036,-0.864,0.545
-0.074,-0.873,0.524
-0.054,-0.862,0.561
-0.026,-0.880,0.557


 -,-,-
0.952,-0.418,-1.369
0.890,-0.448,-1.256
1.068,-0.673,-1.801
0.989,-0.852,-1.600
1.396,-1.092,-2.688
0.871,-1.100,-2.219
0.962,-1.722,-2.107
0.192,0.360,1.284
0.104,4.000,0.890
-1.093,0.799,0.840
2.883,-1.263,-0.265
-1.043,-0.008,0.065
0.386,-0.005,-0.050
-0.146,-0.169,-0.385
-0.033,0.000,-0.021
0.380,-0.775,-0.547
0.388,-1.265,-0.186
0.701,-1.778,-0.671
1.014,-1.982,-0.838
0.559,-1.615,0.030
-0.427,-0.742,0.018
0.019,-1.823,-0.301
0.899,-0.921,-0.033
0.324,-0.996,0.001
0.341,-1.143,-0.012
0.404,-1.037,0.133
0.433,-0.962,0.206
0.445,-0.991,0.159
0.519,-0.977,0.154
0.358,-0.880,0.177
0.294,-0.968,0.110
0.289,-0.870,0.174
0.407,-1.061,0.101
0.234,-0.891,0.125
0.370,-0.959,0.130
0.270,-0.907,0.128
0.257,-0.873,0.217
0.250,-0.902,0.199
0.244,-0.978,0.240
0.286,-1.000,0.282
0.272,-0.993,0.322
0.197,-0.984,0.274
0.250,-0.952,0.403
0.144,-0.989,0.349
0.126,-0.923,0.342
0.149,-0.941,0.387
0.051,-0.993,0.334
0.240,-0.929,0.441
0.197,-0.934,0.361
0.144,-0.807,0.422
0.057,-0.907,0.438
0.172,-0.861,0.499
0.144,-0.911,0.482
0.197,-0.863,0.545
0.178,-0.911,0.463
0.188,-0.867,0.579
0.199,-0.862,0.495
0.273,-0.852,0.526
0.161,-0.882,0.526
0.177,-0.904,0.496
0.138,-0.855,0.597
0.219,-0.811,0.534
0.094,-0.791,0.586
0.180,-0.766,0.569
0.138,-0.819,0.670
0.181,-0.814,0.613
0.241,-0.785,0.622
0.171,-0.774,0.647
0.194,-0.770,0.616
0.121,-0.809,0.616
0.097,-0.844,0.579
0.146,-0.834,0.541
-0.015,-0.860,0.533
0.064,-0.846,0.545
-0.027,-0.887,0.510
0.008,-0.887,0.541
-0.012,-0.943,0.511
-0.070,-0.827,0.586
-0.034,-0.799,0.599
-0.023,-0.827,0.539
0.015,-0.858,0.609
0.014,-0.887,0.590
-0.040,-0.828,0.628
-0.054,-0.817,0.615
-0.066,-0.846,0.625
-0.035,-0.848,0.646
-0.033,-0.832,0.636
0.007,-0.809,0.621
-0.007,-0.805,0.572
-0.026,-0.802,0.615
-0.035,-0.799,0.609
-0.048,-0.822,0.610
-0.011,-0.813,0.637
-0.010,-0.860,0.629
-0.022,-0.819,0.653
-0.032,-0.810,0.655
-0.014,-0.786,0.621
-0.053,-0.806,0.652
-0.046,-0.776,0.648
-0.041,-0.740,0.676

 -,-,-
1.043,-0.425,-1.384
0.818,-0.647,-1.404
0.932,-0.839,-1.884
1.013,-0.976,-2.026
1.700,-1.189,-2.994
1.420,-1.192,-1.983
-0.195,-0.957,-0.020
-1.494,3.599,0.559
-4.000,2.827,0.273
-0.414,-0.089,-0.195
0.843,-0.759,-0.153
-0.110,0.367,0.542
-0.001,-0.024,0.214
-0.117,-0.062,-0.087
0.210,-0.565,-0.274
0.420,-0.941,-0.049
0.577,-2.143,-0.483
0.453,-1.461,-0.008
0.738,-1.743,-0.091
0.229,-1.467,0.166
0.385,-1.127,0.023
1.089,-1.368,0.051
0.433,-0.905,-0.100
0.331,-0.915,-0.016
0.535,-1.102,0.082
0.448,-1.230,0.089
0.544,-1.035,0.125
0.441,-0.904,0.157
0.463,-0.939,0.184
0.434,-0.905,0.131
0.529,-0.888,0.144
0.379,-0.849,0.095
0.468,-0.823,0.151
0.533,-0.860,0.237
0.307,-0.851,0.187
0.406,-0.848,0.266
0.462,-0.900,0.289
0.519,-0.909,0.280
0.359,-0.891,0.244
0.287,-0.872,0.384
0.251,-0.917,0.466
0.288,-0.862,0.494
0.244,-0.810,0.522
0.300,-0.824,0.455
0.402,-0.854,0.402
0.208,-0.901,0.414
0.169,-0.878,0.447
0.189,-0.892,0.404
0.081,-0.911,0.421
0.159,-0.839,0.515
0.000,-0.895,0.504
0.153,-0.823,0.598
0.110,-0.860,0.520
0.105,-0.856,0.537
0.185,-0.852,0.515
0.019,-0.883,0.466
0.083,-0.872,0.529
0.061,-0.963,0.466
-0.013,-0.968,0.561
0.035,-0.985,0.567
-0.048,-0.953,0.610
-0.039,-0.924,0.613
0.006,-0.895,0.573
-0.054,-0.912,0.523
0.050,-0.883,0.518
0.013,-0.879,0.497
0.024,-0.829,0.486
0.051,-0.864,0.498
-0.010,-0.839,0.470
0.008,-0.896,0.464
0.066,-0.876,0.425
-0.046,-0.888,0.436
0.081,-0.863,0.491
0.022,-0.921,0.482
-0.031,-0.906,0.498
-0.007,-0.894,0.563
-0.014,-0.815,0.561
-0.063,-0.830,0.576
-0.049,-0.817,0.594
-0.110,-0.823,0.595
-0.060,-0.801,0.622
-0.081,-0.822,0.651
-0.080,-0.825,0.626
-0.062,-0.819,0.658
-0.092,-0.816,0.645
-0.070,-0.822,0.667
-0.068,-0.849,0.680
-0.073,-0.799,0.652
-0.074,-0.799,0.669
-0.086,-0.787,0.649
-0.105,-0.744,0.643
-0.112,-0.716,0.669
-0.115,-0.712,0.630
-0.122,-0.676,0.689
-0.135,-0.741,0.707
-0.161,-0.739,0.816
-0.067,-0.766,0.773
-0.101,-0.748,0.782
-0.098,-0.748,0.755
-0.111,-0.706,0.746

 -,-,-
-0.053,-0.648,0.844
-0.296,-0.750,0.910
-0.103,-0.752,0.767
0.408,-0.765,0.864
0.164,-0.855,0.858
0.085,-0.953,0.903
-0.038,-0.880,0.971
0.304,-0.775,0.763
0.153,-0.677,0.782
0.082,-0.463,0.961
-0.018,-0.339,0.767
0.041,-0.421,0.476
0.760,-0.534,-0.224
0.227,-0.430,-0.250
0.520,-0.603,-0.668
0.775,-0.267,-0.966
0.814,-0.353,-1.494
1.176,-0.487,-1.025
0.805,-0.443,-1.579
1.035,-0.687,-1.770
1.026,-0.864,-1.800
1.614,-0.832,-2.660
1.205,-1.232,-2.492
0.543,-2.462,-2.115
-0.309,-0.107,0.288
2.564,4.000,1.117
-2.046,1.173,0.754
2.568,-0.408,-0.212
-0.948,-0.473,-0.001
0.665,0.170,0.004
0.062,-0.054,-0.395
0.156,-0.344,-0.156
0.556,-0.820,-0.652
0.337,-1.403,-0.442
0.277,-1.567,-0.504
0.672,-1.539,-0.343
0.486,-1.575,0.092
0.059,-1.765,0.069
0.635,-1.350,0.081
-0.249,0.349,0.468
-0.122,-0.789,0.271
0.341,-0.916,0.196
0.367,-0.993,0.369
0.322,-1.082,0.201
0.186,-1.000,0.298
0.228,-0.997,0.314
0.349,-0.930,0.334
0.219,-0.925,0.331
0.327,-0.824,0.325
0.276,-0.896,0.275
0.300,-0.841,0.357
0.392,-0.970,0.334
0.262,-0.848,0.386
0.295,-0.910,0.407
0.253,-0.907,0.434
0.113,-0.873,0.402
0.211,-0.930,0.468
0.091,-0.912,0.381
0.125,-0.900,0.502
0.160,-0.905,0.520
0.134,-0.912,0.395
0.298,-0.896,0.406
0.141,-0.907,0.318
0.111,-0.880,0.287
0.185,-0.942,0.412
0.126,-0.884,0.387
0.020,-0.905,0.399
0.138,-0.911,0.433
0.062,-0.926,0.484
0.021,-0.895,0.532
-0.002,-0.879,0.546
-0.012,-0.839,0.518
0.028,-1.004,0.439
0.039,-0.987,0.477
-0.053,-0.943,0.501
-0.003,-0.813,0.549
-0.013,-0.751,0.557
-0.128,-0.812,0.588
-0.101,-0.872,0.655
-0.115,-0.858,0.626
-0.116,-0.864,0.648
-0.161,-0.844,0.677
-0.172,-0.823,0.712
-0.090,-0.793,0.706
-0.134,-0.751,0.711
-0.142,-0.757,0.707
-0.085,-0.735,0.703
-0.158,-0.717,0.684
-0.099,-0.686,0.693
0.000,-0.693,0.635
-0.123,-0.786,0.649
-0.102,-0.768,0.693
-0.117,-0.795,0.686
-0.171,-0.750,0.703
-0.175,-0.701,0.708
-0.208,-0.766,0.677
-0.212,-0.744,0.751
-0.201,-0.791,0.659
-0.181,-0.766,0.680
-0.156,-0.786,0.653

 -,-,-
-0.208,-0.572,1.058
0.008,-0.799,0.367
0.152,-0.781,0.738
0.342,-0.836,0.866
0.060,-0.906,0.789
0.115,-0.870,0.873
0.401,-0.717,1.004
0.313,-0.716,1.116
0.240,-0.761,0.819
0.343,-0.502,0.771
0.379,-0.604,0.320
0.485,-0.448,-0.183
0.371,-0.450,-0.333
0.714,-0.271,-0.373
0.526,-0.430,-0.950
0.824,-0.319,-1.091
0.922,-0.406,-1.524
1.038,-0.511,-1.593
0.931,-0.548,-1.434
1.342,-0.725,-2.214
1.454,-0.813,-2.618
1.623,-1.311,-2.842
0.712,-1.827,-1.366
0.406,1.084,1.308
-3.043,4.000,0.612
-1.837,0.579,1.259
2.131,-0.793,0.074
-1.239,-0.380,0.300
0.494,-0.083,-0.128
-0.509,-0.220,0.055
0.370,-0.344,-0.169
0.434,-1.165,-0.187
0.632,-1.668,-0.129
0.648,-1.728,-0.298
0.598,-1.821,0.060
0.663,-1.575,0.195
0.603,-1.100,0.131
0.471,-1.045,0.321
-0.017,-0.763,0.245
0.498,-1.544,0.160
-0.062,-0.647,0.215
0.225,-0.951,0.235
0.340,-0.811,0.237
0.293,-0.915,0.269
0.325,-0.905,0.248
0.335,-1.006,0.254
0.310,-0.950,0.292
0.383,-0.992,0.354
0.331,-0.923,0.363
0.275,-1.023,0.328
0.317,-0.927,0.353
0.139,-0.902,0.397
0.156,-0.855,0.386
0.213,-0.922,0.489
0.078,-0.833,0.486
0.105,-0.894,0.453
0.094,-0.899,0.496
0.164,-0.790,0.487
0.072,-0.855,0.392
0.084,-0.882,0.420
0.070,-0.857,0.478
-0.018,-0.868,0.522
0.062,-0.883,0.509
-0.025,-0.910,0.564
-0.106,-0.998,0.489
-0.065,-0.978,0.498
-0.167,-0.967,0.511
-0.167,-0.940,0.582
-0.191,-0.935,0.532
-0.235,-0.896,0.631
-0.292,-0.890,0.502
-0.261,-0.848,0.550
-0.304,-0.877,0.521
-0.340,-0.871,0.523
-0.416,-0.851,0.534
-0.380,-0.789,0.602
-0.378,-0.794,0.604
-0.409,-0.835,0.575
-0.366,-0.831,0.578
-0.420,-0.806,0.520
-0.412,-0.757,0.603
-0.385,-0.761,0.538
-0.344,-0.774,0.602
-0.325,-0.807,0.546
-0.348,-0.763,0.572
-0.323,-0.751,0.567
-0.301,-0.764,0.605
-0.313,-0.735,0.617
-0.305,-0.750,0.667
-0.299,-0.735,0.659
-0.286,-0.731,0.677
-0.282,-0.734,0.669
-0.297,-0.741,0.683
-0.304,-0.727,0.670
-0.307,-0.700,0.674
-0.293,-0.708,0.650
-0.284,-0.711,0.647
-0.281,-0.723,0.647
-0.281,-0.712,0.651
-0.316,-0.719,0.678

 -,-,-
0.072,-0.631,0.960
-0.015,-1.028,0.790
0.456,-0.746,1.376
-0.074,-0.997,0.947
0.223,-0.778,0.612
0.282,-0.761,0.709
0.379,-0.623,0.787
0.570,-0.566,0.566
0.503,-0.584,-0.239
0.384,-0.526,-0.240
0.772,-0.404,-0.867
0.391,-0.445,-0.775
0.593,-0.326,-0.973
0.922,-0.368,-1.654
0.806,-0.571,-1.595
1.068,-0.616,-1.611
1.268,-0.790,-2.165
1.239,-1.082,-2.297
1.408,-1.213,-2.465
-0.164,-1.384,-0.382
3.319,2.883,0.017
-0.857,2.734,0.090
-3.001,0.462,1.015
1.517,-0.981,-0.003
-1.102,-0.034,0.213
0.437,-0.269,-0.154
-0.351,-0.235,-0.051
0.250,-0.529,-0.104
0.849,-1.335,-0.516
0.306,-1.833,-0.310
0.746,-1.791,-0.354
0.432,-1.515,0.007
0.537,-1.419,0.177
0.381,-0.956,-0.056
0.321,-0.961,0.120
0.495,-1.091,-0.141
0.273,-0.957,0.102
0.351,-1.003,0.076
0.384,-1.012,0.290
0.453,-1.047,0.233
0.369,-1.080,0.318
0.406,-1.057,0.306
0.207,-1.065,0.221
0.218,-0.958,0.373
0.298,-1.001,0.384
0.169,-0.932,0.350
0.248,-0.867,0.380
0.203,-0.811,0.367
0.185,-0.879,0.293
0.115,-0.866,0.400
0.117,-0.947,0.418
0.149,-0.908,0.476
0.049,-0.952,0.478
0.141,-0.850,0.510
0.070,-0.926,0.492
0.001,-0.832,0.454
-0.019,-0.822,0.532
-0.034,-0.840,0.425
0.026,-0.818,0.511
0.014,-0.840,0.499
-0.019,-0.879,0.532
-0.030,-0.875,0.531
0.000,-0.789,0.668
-0.051,-0.823,0.584
-0.174,-0.849,0.681
-0.098,-0.876,0.584
-0.075,-0.888,0.655
-0.132,-0.893,0.642
-0.149,-0.891,0.632
-0.072,-0.868,0.656
-0.182,-0.828,0.707
-0.221,-0.829,0.726
-0.207,-0.804,0.744
-0.241,-0.797,0.709
-0.247,-0.805,0.721
-0.221,-0.808,0.686
-0.212,-0.743,0.677
-0.248,-0.706,0.654
-0.209,-0.707,0.649
-0.180,-0.701,0.632
-0.190,-0.748,0.673
-0.168,-0.734,0.672
-0.168,-0.743,0.661
-0.230,-0.729,0.693
-0.228,-0.741,0.681
-0.238,-0.751,0.669
-0.263,-0.742,0.677
-0.254,-0.742,0.691
-0.207,-0.738,0.681
-0.228,-0.742,0.682
-0.218,-0.747,0.676
-0.226,-0.751,0.688
-0.214,-0.762,0.678
-0.234,-0.739,0.690
-0.255,-0.732,0.684
-0.234,-0.733,0.696
-0.234,-0.738,0.682
-0.235,-0.725,0.685
-0.226,-0.731,0.699
-0.257,-0.724,0.697

 -,-,-
0.962,-0.443,-1.131
0.953,-0.655,-1.337
0.864,-0.501,-1.660
1.000,-0.759,-1.814
1.350,-0.646,-2.344
1.420,-1.052,-2.690
0.962,-1.502,-1.975
-0.105,-1.101,-0.104
4.000,4.000,-0.176
-0.629,1.610,0.903
0.065,-0.012,-0.666
0.652,-1.041,-0.312
-0.698,0.137,0.288
0.415,-0.120,-0.092
-0.680,-0.303,0.168
0.938,-1.326,-0.650
0.144,-1.564,-0.187
0.573,-1.612,0.189
0.603,-1.738,-0.117
0.380,-1.193,0.378
0.815,-1.497,0.240
0.411,-0.972,0.191
0.493,-1.260,0.226
0.517,-0.894,0.132
0.404,-1.152,0.305
0.139,-1.007,0.164
0.182,-0.991,0.312
0.320,-0.964,0.291
0.253,-1.093,0.284
0.253,-0.991,0.299
0.087,-0.986,0.372
0.247,-0.990,0.363
0.044,-0.919,0.396
0.252,-0.947,0.417
0.170,-0.931,0.425
0.187,-0.900,0.444
0.261,-0.891,0.432
0.191,-0.879,0.478
0.239,-0.974,0.400
0.309,-0.984,0.429
0.122,-0.979,0.371
0.197,-0.958,0.304
0.151,-0.959,0.296
0.050,-0.959,0.271
0.134,-0.934,0.307
0.123,-0.936,0.324
0.130,-0.950,0.297
0.117,-0.962,0.287
0.071,-0.945,0.279
0.087,-0.923,0.312
0.034,-0.881,0.364
0.037,-0.919,0.369
0.006,-0.954,0.406
0.038,-0.935,0.434
0.030,-0.958,0.483
0.047,-0.946,0.579
-0.072,-1.002,0.502
-0.018,-0.927,0.493
-0.010,-0.921,0.436
-0.123,-0.914,0.371
0.083,-0.878,0.383
0.023,-0.937,0.334
-0.024,-0.872,0.421
0.124,-0.851,0.409
0.065,-0.943,0.410
0.131,-0.931,0.437
0.149,-0.948,0.449
0.088,-0.933,0.503
0.150,-0.927,0.530
0.072,-0.917,0.497
0.108,-0.911,0.515
0.131,-0.905,0.537
0.018,-0.907,0.456
0.046,-0.878,0.522
0.024,-0.876,0.481
-0.027,-0.877,0.458
0.020,-0.883,0.465
-0.012,-0.902,0.478
-0.032,-0.913,0.482
0.030,-0.902,0.496
0.000,-0.897,0.514
-0.024,-0.896,0.512
-0.034,-0.902,0.538
-0.012,-0.880,0.540
-0.061,-0.880,0.527
-0.099,-0.890,0.555
-0.049,-0.886,0.560
-0.091,-0.882,0.557
-0.090,-0.860,0.570
-0.073,-0.860,0.566
-0.088,-0.839,0.585
-0.058,-0.834,0.570
-0.091,-0.844,0.559
-0.089,-0.829,0.592
-0.118,-0.837,0.593
-0.078,-0.848,0.613
-0.099,-0.838,0.604
-0.117,-0.839,0.594
-0.118,-0.825,0.615
-0.105,-0.822,0.602

 -,-,-
0.171,-0.744,0.683
-0.213,-0.687,0.623
0.067,-0.652,0.829
0.155,-0.867,0.691
-0.110,-0.836,0.594
0.127,-0.766,0.657
0.057,-0.760,0.606
0.175,-0.770,0.669
0.208,-0.976,0.818
0.086,-0.871,1.009
0.143,-0.903,0.939
0.237,-0.783,0.807
0.236,-0.775,0.825
0.115,-0.641,0.828
0.433,-0.435,0.721
0.438,-0.734,-0.083
0.433,-0.585,-0.097
0.474,-0.500,-0.450
0.355,-0.505,-0.737
0.569,-0.299,-0.882
1.008,-0.421,-1.308
0.831,-0.473,-1.489
0.847,-0.537,-1.333
0.957,-0.686,-1.656
1.153,-1.016,-2.078
1.630,-1.121,-2.979
1.348,-1.583,-2.267
0.727,-1.068,0.739
3.971,1.291,-2.620
-2.813,3.572,1.133
-0.194,0.256,0.201
0.707,-0.059,1.165
-0.347,-0.376,-0.203
-0.159,0.110,-0.062
0.048,-0.156,0.015
-0.026,-0.341,0.043
0.836,-1.261,-0.331
0.421,-1.496,0.325
0.565,-1.528,0.033
0.491,-1.438,0.707
0.736,-1.579,0.421
0.695,-1.440,0.932
0.493,-1.135,0.544
1.995,0.375,0.845
0.776,-0.349,0.555
-0.080,-0.509,0.523
0.172,-0.830,0.614
0.409,-0.844,0.612
0.325,-0.798,0.596
0.294,-0.820,0.598
0.268,-0.759,0.544
0.155,-0.714,0.582
0.363,-0.920,0.666
0.262,-0.753,0.591
0.288,-0.761,0.674
0.248,-0.702,0.653
0.211,-0.711,0.635
0.204,-0.674,0.692
0.233,-0.686,0.650
0.268,-0.680,0.718
0.299,-0.742,0.715
0.318,-0.783,0.644
0.265,-0.820,0.571
0.198,-0.889,0.522
0.142,-0.881,0.467
0.031,-0.869,0.442
0.099,-0.869,0.436
0.119,-0.897,0.411
0.126,-0.865,0.504
0.102,-0.898,0.498
0.120,-0.906,0.525
0.183,-0.891,0.508
0.182,-0.951,0.494
0.165,-0.939,0.535
0.106,-0.963,0.465
0.083,-0.932,0.490
0.078,-0.906,0.446
0.072,-0.876,0.469
0.120,-0.884,0.472
0.156,-0.919,0.425
0.077,-0.904,0.488
0.125,-0.899,0.451
0.114,-0.852,0.479
0.041,-0.861,0.474
0.104,-0.867,0.477
0.087,-0.897,0.478
0.063,-0.933,0.463
0.236,-0.932,0.454
0.114,-0.928,0.490
0.144,-0.909,0.505
0.118,-0.875,0.547
0.073,-0.859,0.514
0.129,-0.908,0.496
0.211,-0.954,0.467
0.099,-0.919,0.479
0.140,-0.825,0.510
0.118,-0.803,0.488
0.056,-0.798,0.535
0.122,-0.829,0.572
0.112,-0.849,0.549

 -,-,-
-0.506,-0.931,0.478
-0.115,-0.682,0.806
-0.120,-0.937,0.646
0.323,-0.794,0.891
0.213,-0.718,0.943
0.208,-0.789,0.740
0.137,-0.942,0.631
0.321,-0.794,0.776
0.471,-0.778,0.986
0.206,-0.662,0.805
0.303,-0.727,0.730
0.348,-0.773,0.339
0.362,-0.568,0.558
0.612,-0.714,-0.269
0.477,-0.741,-0.459
0.612,-0.453,-0.482
0.516,-0.405,-0.926
0.891,-0.377,-1.098
0.753,-0.273,-1.397
0.944,-0.499,-1.458
0.980,-0.583,-1.580
1.350,-0.869,-2.001
1.749,-1.204,-3.160
1.716,-1.272,-2.207
0.226,-1.314,-0.585
2.427,1.175,-1.126
-3.042,4.000,1.472
-3.687,0.357,0.838
2.701,-1.411,-0.080
-1.109,-0.045,0.365
0.524,-0.185,0.004
-0.429,-0.231,-0.016
0.458,-0.281,0.101
0.130,-0.719,-0.171
0.362,-1.164,-0.135
0.778,-1.722,-0.726
0.571,-1.697,-0.364
0.270,-1.485,-0.292
0.493,-1.559,-0.099
0.427,-1.245,-0.162
1.365,-0.743,0.209
0.307,-0.355,-0.038
0.311,-1.124,-0.040
0.400,-1.083,-0.020
0.265,-0.994,0.099
0.328,-1.011,0.031
0.293,-1.080,0.185
0.290,-0.978,0.202
0.261,-0.905,0.260
0.308,-0.948,0.255
0.307,-0.930,0.235
0.324,-0.963,0.188
0.401,-0.953,0.188
0.319,-0.982,0.164
0.345,-0.955,0.189
0.362,-0.959,0.192
0.299,-0.943,0.158
0.323,-0.942,0.182
0.276,-0.938,0.203
0.356,-0.929,0.212
0.294,-0.904,0.191
0.191,-0.934,0.182
0.257,-0.949,0.177
0.296,-0.927,0.205
0.227,-0.982,0.247
0.266,-0.924,0.303
0.308,-0.934,0.329
0.259,-0.908,0.303
0.162,-0.907,0.335
0.138,-0.875,0.332
0.110,-0.908,0.342
0.062,-0.947,0.330
0.150,-0.935,0.404
0.138,-0.961,0.431
0.176,-0.920,0.465
0.155,-0.962,0.415
0.131,-0.957,0.433
0.197,-0.963,0.425
0.141,-0.991,0.408
0.115,-0.959,0.434
0.128,-0.940,0.446
0.102,-0.909,0.459
0.067,-0.911,0.445
0.054,-0.915,0.456
0.059,-0.908,0.460
0.059,-0.912,0.458
0.052,-0.877,0.472
0.081,-0.907,0.406
0.052,-0.924,0.446
0.066,-0.947,0.445
0.072,-0.923,0.410
0.048,-0.913,0.478
0.063,-0.907,0.473
0.036,-0.920,0.455
0.013,-0.911,0.498
0.045,-0.939,0.434
0.000,-0.933,0.448
0.026,-0.918,0.415
0.009,-0.920,0.424
0.009,-0.918,0.438

 -,-,-
0.453,-0.497,-0.518
0.299,-0.508,-0.760
0.636,-0.403,-0.992
1.016,-0.387,-1.106
0.859,-0.415,-1.337
0.861,-0.560,-1.314
0.968,-0.578,-1.650
1.298,-0.908,-1.690
1.726,-1.033,-2.876
1.176,-1.281,-2.152
0.692,-2.485,-1.375
0.983,0.549,0.204
-4.000,4.000,-0.123
-2.918,0.673,0.198
3.109,-1.257,-0.184
-1.307,0.109,-0.019
0.327,0.032,0.058
-0.439,-0.267,-0.108
0.208,-0.137,0.215
0.492,-0.874,-0.234
0.323,-1.486,-0.430
0.481,-1.522,-0.363
0.279,-1.538,-0.211
0.626,-1.546,-0.079
0.709,-1.447,-0.157
0.537,-0.873,0.105
0.464,-1.101,-0.012
0.650,-1.006,-0.007
0.365,-1.157,0.050
0.258,-1.130,0.007
0.248,-1.068,0.183
0.148,-1.104,0.067
0.026,-1.070,0.187
0.146,-1.001,0.239
0.115,-1.034,0.160
0.309,-0.965,0.199
0.209,-0.973,0.247
0.147,-0.934,0.228
0.249,-0.988,0.220
0.215,-0.951,0.306
0.126,-0.988,0.275
0.218,-0.969,0.277
0.148,-0.919,0.299
0.088,-0.938,0.235
0.178,-0.896,0.286
0.140,-0.927,0.297
0.132,-0.939,0.304
0.276,-0.882,0.358
0.156,-0.899,0.372
0.201,-0.905,0.335
0.207,-0.930,0.334
0.031,-0.955,0.343
0.063,-0.956,0.391
0.040,-0.986,0.374
0.021,-0.981,0.368
0.013,-1.000,0.424
-0.054,-0.961,0.406
-0.048,-0.955,0.454
-0.045,-0.933,0.463
-0.076,-0.998,0.456
-0.035,-0.952,0.532
-0.077,-0.955,0.450
-0.105,-0.937,0.474
-0.136,-0.918,0.439
-0.116,-0.919,0.477
-0.173,-0.901,0.439
-0.124,-0.878,0.447
-0.150,-0.930,0.429
-0.094,-0.939,0.435
-0.109,-0.942,0.454
-0.183,-0.934,0.479
-0.166,-0.914,0.500
-0.125,-0.900,0.477
-0.148,-0.915,0.466
-0.138,-0.910,0.470
-0.103,-0.922,0.451
-0.151,-0.914,0.470
-0.165,-0.918,0.451
-0.159,-0.893,0.481
-0.176,-0.900,0.478
-0.137,-0.889,0.484
-0.107,-0.898,0.486
-0.137,-0.903,0.495
-0.099,-0.922,0.482
-0.162,-0.907,0.480
-0.108,-0.893,0.473
-0.157,-0.873,0.462
-0.128,-0.891,0.464
-0.117,-0.892,0.471
-0.169,-0.891,0.465
-0.143,-0.865,0.500
-0.158,-0.887,0.493
-0.181,-0.881,0.501
-0.172,-0.900,0.505
-0.213,-0.890,0.535
-0.197,-0.895,0.520
-0.188,-0.875,0.537
-0.188,-0.875,0.511
-0.172,-0.854,0.488
-0.198,-0.873,0.490

 -,-,-
0.991,-0.498,-1.169
0.869,-0.417,-1.226
0.889,-0.696,-1.592
1.031,-0.739,-1.765
1.448,-0.830,-2.218
1.187,-1.264,-2.289
1.349,-2.650,-2.958
0.338,0.122,1.185
4.000,4.000,-0.547
-1.104,1.871,0.507
-0.052,-0.189,0.219
-0.624,-0.453,0.145
0.047,-0.006,0.479
-0.223,-0.145,-0.144
0.281,-0.733,-0.029
0.362,-0.731,-0.225
0.279,-1.188,-0.219
0.616,-1.683,-0.396
0.408,-1.526,-0.362
0.389,-1.266,-0.047
0.356,-1.257,-0.261
0.274,-0.648,-0.206
0.471,-1.876,-0.147
0.413,-1.072,-0.236
0.292,-1.150,0.023
0.201,-1.227,0.057
0.376,-1.110,-0.003
0.399,-1.101,0.115
0.193,-1.115,0.122
0.269,-1.069,0.038
0.187,-1.021,0.129
0.359,-0.980,0.108
0.226,-1.001,0.024
0.353,-1.001,0.014
0.411,-0.991,0.032
0.340,-0.961,0.013
0.317,-0.946,0.103
0.286,-0.929,0.087
0.316,-0.949,0.151
0.342,-0.954,0.120
0.168,-0.922,0.078
0.248,-0.926,0.073
0.268,-0.884,0.163
0.134,-0.950,0.173
0.225,-0.961,0.251
0.192,-0.982,0.217
0.141,-0.997,0.283
0.172,-1.001,0.319
0.218,-1.000,0.276
0.063,-0.984,0.281
0.186,-0.993,0.315
0.209,-1.001,0.316
0.118,-0.999,0.310
0.182,-0.928,0.383
0.159,-0.913,0.402
0.089,-0.934,0.404
0.106,-0.932,0.402
0.044,-0.954,0.382
0.073,-0.964,0.400
0.058,-0.979,0.414
0.049,-0.976,0.406
0.065,-0.956,0.433
0.027,-0.990,0.428
0.047,-0.946,0.446
0.097,-0.957,0.369
0.025,-0.920,0.364
0.026,-0.848,0.453
0.029,-0.890,0.426
0.066,-0.912,0.452
0.100,-0.934,0.463
0.026,-0.962,0.425
0.029,-0.988,0.425
0.051,-0.954,0.429
-0.029,-0.956,0.388
0.040,-0.955,0.423
0.067,-0.966,0.378
-0.013,-0.942,0.373
0.038,-0.946,0.377
0.005,-0.947,0.389
0.000,-0.952,0.405
0.047,-0.931,0.416
0.001,-0.936,0.430
0.007,-0.925,0.403
0.021,-0.931,0.419
0.015,-0.919,0.398
0.007,-0.944,0.390
0.025,-0.918,0.382
0.007,-0.937,0.406
-0.004,-0.927,0.410
0.014,-0.939,0.412
-0.020,-0.922,0.471
0.014,-0.879,0.505
0.012,-0.866,0.482
0.001,-0.923,0.399
-0.006,-1.001,0.323
0.081,-0.975,0.399
0.044,-0.994,0.347
0.012,-0.940,0.415
0.004,-0.947,0.460
-0.074,-0.922,0.460

