 -,-,-
-0.418,0.040,1.397
-1.036,-0.515,0.874
-0.332,-0.430,0.810
-0.274,-0.168,1.323
-0.518,-0.293,1.208
-0.521,-0.504,1.113
-0.373,-0.199,1.426
-0.286,-0.236,1.252
-0.133,-0.331,1.099
-0.145,-0.354,1.047
-0.001,-0.549,0.764
0.015,-0.573,0.684
0.272,-0.793,0.244
0.631,-1.030,-0.099
0.895,-1.122,-0.626
0.919,-1.193,-0.840
1.092,-1.212,-1.107
1.079,-1.086,-1.115
1.277,-1.778,-1.513
1.756,-1.685,-1.444
-0.969,-1.934,0.027
0.689,1.708,3.329
-3.893,4.000,-2.497
0.957,-0.143,-0.560
1.911,-0.282,-0.825
-0.360,0.259,-0.002
0.232,-0.042,0.016
-0.064,-1.295,-0.225
0.245,-1.255,0.061
-0.010,-1.377,0.246
0.075,-0.331,0.240
-0.168,0.424,0.429
-0.439,-0.194,0.928
0.100,-0.208,0.621
-0.601,-0.847,0.132
0.217,-0.610,0.784
-0.995,-0.948,0.995
-0.010,-0.299,1.805
-1.033,-0.396,1.938
-0.662,-0.083,2.509
-0.726,0.007,1.805
-0.502,-0.066,1.377
-0.540,0.017,1.268
-0.485,0.102,1.086
-0.653,-0.009,1.004
-0.415,-0.035,1.060
-0.398,-0.059,0.843
-0.221,-0.061,0.889
-0.288,-0.037,0.874
-0.404,0.178,1.068
-0.366,0.161,0.840
-0.350,0.168,1.013
-0.317,0.160,0.943
-0.315,0.185,0.962
-0.289,0.180,0.970
-0.335,0.155,0.947
-0.347,0.170,1.020
-0.356,0.115,0.911
-0.319,0.107,0.930
-0.282,0.105,0.908
-0.333,0.122,0.925
-0.357,0.111,0.928
-0.345,0.088,0.941
-0.359,0.054,0.936
-0.337,0.055,0.927
-0.347,0.069,0.933
-0.372,0.116,0.975
-0.359,0.108,0.927
-0.343,0.079,0.930
-0.324,0.098,0.923
-0.341,0.130,0.954
-0.314,0.121,0.958
-0.323,0.103,0.960
-0.313,0.051,0.961
-0.322,-0.025,0.952
-0.309,0.130,1.008
-0.297,0.150,0.972
-0.284,0.091,0.954
-0.322,0.090,0.943
-0.331,0.099,0.951
-0.316,0.055,0.963
-0.315,0.083,1.000
-0.294,0.066,0.965
-0.291,0.014,0.927
-0.275,-0.013,0.901
-0.315,0.076,0.991
-0.324,0.096,0.955
-0.319,0.046,0.941
-0.309,0.026,0.933
-0.333,0.033,0.935
-0.313,0.025,0.957
-0.330,0.020,0.946
-0.317,0.026,0.967
-0.319,0.030,0.969
-0.329,0.035,0.968
-0.325,0.026,0.955
-0.328,0.033,0.969
-0.335,0.046,0.971
-0.324,0.036,0.962
-0.333,0.028,0.956

 -,-,-
-1.264,-0.088,1.101
-0.823,-0.267,0.352
0.337,-0.426,0.707
-0.301,-0.586,1.265
-0.408,-0.399,1.309
-0.751,-0.594,1.116
-0.300,-0.272,1.326
-0.141,-0.417,1.147
-0.274,-0.313,1.191
-0.289,-0.430,0.975
-0.053,-0.550,0.834
0.317,-0.689,0.421
0.522,-1.060,-0.195
0.767,-1.070,-0.588
1.088,-1.115,-0.996
1.162,-1.216,-1.447
1.422,-1.220,-1.757
1.313,-1.721,-1.588
2.115,-1.731,-1.442
-0.042,-1.356,0.353
-0.907,4.000,4.000
-3.965,2.504,-1.534
-0.460,-0.923,1.738
1.429,0.424,-0.575
0.246,-0.045,-0.114
0.264,0.056,-0.004
-0.312,0.480,0.228
0.080,-0.149,-0.140
0.458,0.064,-0.038
0.182,-0.065,0.176
0.019,-1.091,0.263
0.446,-1.391,0.488
-0.516,-1.148,1.299
-0.583,-0.509,1.963
-2.089,0.103,1.904
-1.446,0.194,2.244
-0.958,0.270,2.011
-0.588,0.095,1.452
-0.807,-0.002,1.225
-0.679,-0.118,1.135
-0.718,0.005,1.118
-0.704,0.000,0.916
-0.629,0.165,1.047
-0.762,0.251,1.137
-0.600,0.298,0.928
-0.454,0.368,0.913
-0.522,0.415,0.880
-0.367,0.456,0.910
-0.367,0.403,0.868
-0.302,0.331,0.815
-0.385,0.322,0.866
-0.365,0.180,0.756
-0.344,0.133,0.905
-0.310,0.086,0.898
-0.341,0.034,0.859
-0.374,0.031,0.887
-0.395,0.019,0.893
-0.421,-0.016,0.878
-0.434,-0.009,0.914
-0.436,0.030,0.930
-0.381,0.118,1.001
-0.370,0.113,0.911
-0.344,0.066,0.923
-0.383,-0.003,0.854
-0.366,-0.017,0.889
-0.380,0.061,0.971
-0.413,0.109,0.977
-0.383,0.091,0.952
-0.362,0.043,0.918
-0.370,0.048,0.911
-0.382,0.061,0.904
-0.397,0.122,0.940
-0.365,0.157,0.934
-0.364,0.163,0.955
-0.368,0.143,0.939
-0.364,0.136,0.947
-0.376,0.118,0.919
-0.378,0.141,0.965
-0.364,0.119,0.938
-0.350,0.132,0.949
-0.386,0.107,0.877
-0.419,0.077,0.871
-0.407,0.093,0.888
-0.401,0.133,0.955
-0.370,0.175,1.000
-0.366,0.124,0.974
-0.318,0.057,0.924
-0.361,0.071,0.931
-0.349,0.107,0.921
-0.334,0.130,0.960
-0.345,0.144,0.941
-0.377,0.145,0.937
-0.361,0.172,0.990
-0.353,0.158,0.927
-0.392,0.151,0.937
-0.398,0.147,0.943
-0.419,0.169,0.927
-0.392,0.164,0.871
-0.399,0.157,0.891
-0.382,0.146,0.849

 -,-,-
-1.759,0.025,2.212
-1.251,-0.316,1.296
-0.975,-0.344,0.903
-0.092,-0.405,0.740
0.060,-0.327,1.002
-0.287,-0.429,1.000
-0.376,-0.363,1.400
-0.432,-0.229,1.302
-0.359,-0.189,1.290
-0.323,-0.385,1.070
-0.035,-0.475,0.959
0.088,-0.792,0.674
0.215,-0.707,0.599
0.476,-1.024,-0.016
0.817,-0.998,-0.427
0.869,-1.059,-0.662
1.134,-1.234,-0.876
0.990,-1.240,-0.916
1.457,-1.496,-1.383
1.609,-1.649,-1.496
0.709,-1.729,-0.936
-0.699,-0.037,1.487
3.388,3.668,-2.128
1.830,2.024,-1.884
-1.157,-0.772,0.455
1.209,0.109,-0.467
0.017,0.270,-0.107
0.250,0.028,0.026
0.037,-0.460,0.206
0.405,-0.254,-0.122
0.445,0.134,-0.015
0.092,-0.307,0.186
0.125,-0.878,0.277
-0.550,-1.285,0.323
-0.115,-0.406,1.793
-1.382,-0.799,1.019
-1.517,0.189,2.643
-1.272,-0.944,1.167
-1.207,0.304,2.521
-0.979,-0.109,1.095
-0.767,-0.287,1.244
-0.595,-0.135,1.036
-0.516,-0.137,0.771
-0.492,-0.129,0.878
-0.568,0.045,1.027
-0.538,0.199,1.028
-0.575,0.172,0.948
-0.367,0.254,0.927
-0.287,0.324,0.875
-0.223,0.408,1.001
-0.329,0.395,0.924
-0.262,0.336,0.912
-0.354,0.234,0.870
-0.362,0.180,0.843
-0.388,0.215,0.897
-0.344,0.174,0.851
-0.357,0.187,0.932
-0.380,0.177,0.929
-0.366,0.176,0.939
-0.360,0.133,0.935
-0.371,0.139,0.927
-0.359,0.146,0.958
-0.332,0.164,0.944
-0.373,0.140,0.926
-0.341,0.131,0.906
-0.376,0.119,0.919
-0.369,0.111,0.924
-0.364,0.112,0.938
-0.381,0.117,0.931
-0.356,0.122,0.937
-0.361,0.108,0.933
-0.330,0.108,0.926
-0.335,0.095,0.906
-0.344,0.099,0.913
-0.341,0.073,0.880
-0.385,0.083,0.923
-0.407,0.093,0.956
-0.408,0.088,0.928
-0.394,0.082,0.954
-0.394,0.091,0.937
-0.395,0.082,0.907
-0.437,0.072,0.878
-0.457,0.062,0.889
-0.475,0.117,0.970
-0.452,0.151,0.930
-0.437,0.134,0.921
-0.417,0.103,0.855
-0.458,0.193,0.964
-0.418,0.179,0.881
-0.428,0.105,0.833
-0.433,0.154,0.951
-0.377,0.222,0.915
-0.304,0.088,0.859
-0.344,0.051,0.905
-0.371,0.127,0.955
-0.416,0.202,1.061
-0.396,0.259,1.031
-0.367,0.167,0.951
-0.421,0.079,0.882
-0.432,0.100,0.945

 -,-,-
0.343,0.641,2.372
-1.431,0.028,1.290
-1.019,-0.444,1.196
-0.488,-0.481,1.020
-0.308,-0.307,1.072
-0.405,-0.474,1.114
-0.306,-0.423,1.230
-0.451,-0.416,1.340
-0.276,-0.360,1.152
-0.319,-0.301,1.239
-0.329,-0.353,0.827
0.158,-0.457,0.551
0.355,-0.752,0.035
0.802,-1.126,-0.688
0.907,-1.115,-0.792
1.071,-1.445,-1.131
0.882,-1.333,-0.981
1.331,-1.656,-1.923
1.389,-1.858,-1.805
1.478,-1.672,-1.170
-0.914,0.423,1.677
4.000,4.000,-2.093
4.000,1.361,-1.932
-3.075,-0.476,1.020
0.932,0.313,-0.407
0.054,0.299,-0.477
-0.251,0.705,0.098
-0.174,0.625,0.201
0.391,-0.148,0.115
0.149,-0.694,0.110
0.519,-1.162,0.390
0.648,-2.404,-0.198
0.631,-1.629,0.068
-0.472,-1.258,1.008
-0.794,-0.146,1.038
-1.363,0.162,1.734
-0.934,0.061,2.190
-0.894,-0.172,1.506
-0.660,0.006,1.467
-0.492,0.016,1.290
-0.396,0.079,1.120
-0.263,0.113,0.822
-0.391,0.150,0.892
-0.476,0.120,0.854
-0.521,0.171,0.877
-0.521,0.259,0.918
-0.578,0.294,1.015
-0.499,0.356,1.024
-0.474,0.189,0.858
-0.370,0.115,0.934
-0.387,0.062,0.824
-0.361,0.098,0.898
-0.396,0.152,0.973
-0.352,0.224,0.980
-0.341,0.137,0.892
-0.315,0.042,0.856
-0.278,0.057,0.908
-0.297,0.162,0.968
-0.380,0.115,0.969
-0.359,0.099,0.984
-0.375,0.054,0.900
-0.319,0.046,0.956
-0.339,0.051,0.978
-0.333,0.063,0.948
-0.291,0.039,0.905
-0.360,0.088,0.975
-0.363,0.095,0.963
-0.347,0.036,0.885
-0.333,0.109,0.979
-0.310,0.097,0.891
-0.336,0.086,0.979
-0.352,0.095,0.990
-0.382,0.076,0.942
-0.367,0.060,0.963
-0.397,0.025,0.918
-0.382,0.006,0.933
-0.405,0.013,0.948
-0.387,0.004,0.959
-0.375,-0.007,0.961
-0.402,0.012,0.954
-0.398,-0.005,0.940
-0.436,0.008,0.936
-0.419,0.017,0.917
-0.395,0.027,0.919
-0.401,0.038,0.906
-0.395,0.034,0.905
-0.391,0.023,0.907
-0.398,0.041,0.927
-0.415,0.031,0.907
-0.404,0.014,0.915
-0.398,0.018,0.944
-0.410,0.038,0.931
-0.418,0.050,0.932
-0.414,0.075,0.962
-0.405,0.073,0.943
-0.407,0.073,0.950
-0.380,0.073,0.927
-0.387,0.075,0.928
-0.370,0.108,0.965
-0.346,0.137,0.949

 -,-,-
-0.531,0.011,1.523
-1.520,-0.414,1.234
-0.595,-0.366,0.990
-0.878,-0.641,1.132
-0.763,-0.426,1.654
-0.539,-0.365,1.227
-0.049,-0.291,1.208
-0.353,-0.408,1.205
-0.469,-0.172,1.500
-0.405,-0.328,1.087
-0.260,-0.240,0.884
0.060,-0.641,0.381
0.588,-0.843,-0.079
0.615,-1.133,-0.438
1.020,-1.235,-1.101
0.987,-1.353,-1.144
1.448,-1.569,-1.555
1.215,-1.469,-0.969
1.599,-2.382,-1.686
-0.239,-2.296,-0.451
-1.218,2.080,4.000
-4.000,4.000,-1.208
3.182,-2.914,-0.066
0.500,0.947,-0.753
0.643,-0.130,-0.197
-0.095,0.296,0.199
-0.211,0.630,0.142
-0.089,0.455,0.147
0.102,0.130,-0.085
0.001,-0.062,0.032
0.110,-0.821,0.138
0.030,-2.128,0.096
-0.209,-0.705,1.351
-1.400,-0.404,2.999
-1.536,-0.317,0.925
-0.699,-0.285,1.519
-1.455,0.759,3.087
-0.801,0.260,1.239
-0.511,0.347,1.715
-0.495,-0.010,1.094
-0.408,-0.009,1.026
-0.347,-0.030,1.035
-0.198,0.071,0.990
-0.410,0.110,0.835
-0.175,0.098,0.846
-0.207,0.146,0.936
-0.158,0.306,1.001
-0.338,0.296,1.005
-0.206,0.183,0.921
-0.212,0.128,0.865
-0.178,0.148,0.934
-0.197,0.104,0.897
-0.220,0.117,0.983
-0.250,0.130,0.994
-0.255,0.158,1.008
-0.228,0.138,1.004
-0.260,0.149,0.984
-0.255,0.108,0.976
-0.253,0.115,0.961
-0.268,0.111,0.948
-0.264,0.135,0.965
-0.275,0.153,0.973
-0.255,0.152,0.968
-0.290,0.140,0.974
-0.272,0.118,0.923
-0.298,0.113,0.935
-0.281,0.118,0.923
-0.318,0.147,0.956
-0.329,0.124,0.946
-0.321,0.118,0.946
-0.325,0.092,0.931
-0.328,0.111,0.938
-0.370,0.123,0.931
-0.354,0.137,0.949
-0.366,0.082,0.911
-0.369,0.147,0.954
-0.366,0.192,0.978
-0.352,0.166,0.956
-0.372,0.150,0.947
-0.330,0.176,0.955
-0.331,0.176,0.961
-0.348,0.123,0.916
-0.357,0.117,0.926
-0.328,0.113,0.940
-0.340,0.093,0.948
-0.350,0.084,0.935
-0.352,0.149,1.006
-0.329,0.218,0.973
-0.309,0.161,0.933
-0.300,0.098,0.892
-0.303,0.130,0.904
-0.296,0.152,0.899
-0.298,0.170,0.902
-0.299,0.246,1.000
-0.256,0.291,0.959
-0.259,0.280,1.000
-0.180,0.275,0.929
-0.230,0.245,0.992
-0.255,0.261,0.956
-0.258,0.279,0.963

 -,-,-
-0.500,0.040,0.972
-0.802,0.136,1.290
-0.645,-0.367,0.918
-0.669,-0.299,1.305
-0.671,-0.221,1.226
-0.216,-0.234,1.020
-0.300,-0.497,1.099
-0.182,-0.358,1.042
-0.177,-0.297,1.087
-0.127,-0.242,0.999
-0.091,-0.454,0.691
0.318,-0.738,0.462
0.438,-0.764,0.104
0.828,-1.139,-0.540
0.832,-1.204,-0.738
1.237,-1.454,-1.481
0.970,-1.514,-1.370
1.727,-1.833,-1.678
0.706,-2.415,-1.227
-0.195,-2.152,-0.031
-0.719,3.455,4.000
-4.000,3.219,-0.990
1.046,-2.603,1.036
0.971,1.016,-0.843
0.539,0.056,-0.353
-0.184,0.536,-0.052
-0.113,1.070,0.196
0.296,0.441,0.237
0.298,0.056,0.073
0.347,-0.554,0.155
0.011,-1.468,-0.142
0.216,-2.172,0.096
0.141,-0.695,1.440
-0.868,-0.401,2.458
-1.290,-0.243,1.560
-1.108,-0.145,1.667
-0.730,0.533,2.795
-0.730,0.369,0.992
-0.484,0.362,1.583
-0.435,0.431,1.286
-0.266,0.318,1.217
-0.056,0.248,0.958
-0.138,0.126,0.813
-0.162,0.225,0.731
-0.094,0.395,0.787
-0.198,0.243,0.902
-0.314,0.216,0.798
-0.125,0.292,1.070
-0.168,0.327,1.042
-0.200,0.283,1.001
-0.182,0.266,0.999
-0.174,0.245,0.979
-0.159,0.357,1.083
-0.224,0.334,0.892
-0.153,0.345,0.945
-0.158,0.345,0.914
-0.105,0.332,0.868
-0.180,0.321,0.934
-0.147,0.315,0.917
-0.185,0.289,0.927
-0.176,0.215,0.943
-0.159,0.223,0.958
-0.137,0.222,0.922
-0.178,0.265,0.953
-0.203,0.227,0.930
-0.167,0.142,0.911
-0.168,0.229,0.965
-0.219,0.234,0.941
-0.226,0.183,0.914
-0.232,0.197,0.952
-0.251,0.189,0.933
-0.247,0.249,0.983
-0.232,0.299,0.989
-0.240,0.250,0.961
-0.182,0.237,0.971
-0.123,0.309,0.961
-0.199,0.368,0.987
-0.221,0.100,0.930
-0.178,0.195,0.974
-0.213,0.251,1.002
-0.217,0.130,0.943
-0.209,0.050,0.931
-0.232,0.150,1.001
-0.263,0.170,1.004
-0.325,0.160,0.962
-0.312,0.160,0.936
-0.336,0.132,0.956
-0.369,0.133,0.936
-0.306,0.114,0.923
-0.335,0.082,0.894
-0.271,0.051,0.906
-0.309,0.078,0.928
-0.358,0.057,0.891
-0.374,0.047,0.921
-0.416,0.091,0.939
-0.434,0.110,0.952
-0.416,0.118,0.959
-0.434,0.137,0.946
-0.367,0.078,0.922
-0.378,0.080,0.920

 -,-,-
-0.770,0.078,1.157
-1.502,-0.008,1.003
-0.047,-0.111,0.933
-0.653,-0.295,0.964
-0.618,-0.509,1.348
-0.263,-0.242,1.227
-0.562,-0.058,1.583
-0.271,-0.199,1.160
-0.288,-0.459,1.202
-0.376,-0.192,1.335
-0.257,-0.442,1.060
-0.156,-0.419,0.955
0.310,-0.715,0.591
0.480,-0.819,0.299
0.778,-0.975,-0.424
0.861,-1.099,-0.797
1.073,-1.147,-1.253
1.013,-1.261,-1.227
1.550,-1.525,-1.821
1.386,-1.918,-1.180
1.536,-2.209,-1.576
-0.872,-0.354,1.286
4.000,4.000,-0.296
4.000,0.749,-3.799
-2.151,-0.233,0.535
0.990,0.231,-0.844
0.237,0.449,-0.205
-0.219,0.773,0.145
0.367,0.424,0.042
0.375,-0.169,0.004
0.274,-0.264,0.129
-0.381,-1.507,-0.215
0.603,-2.206,0.085
-0.221,-1.605,0.599
-0.532,-1.006,1.690
-1.079,-0.978,1.244
-0.783,-0.827,1.369
-0.819,-0.405,1.956
-0.883,0.127,1.563
-0.455,0.037,1.476
-0.558,0.240,1.402
-0.484,0.153,0.927
-0.497,0.275,1.117
-0.330,0.096,1.010
-0.293,0.087,0.937
-0.282,0.193,0.925
-0.162,0.128,0.849
-0.256,0.137,0.896
-0.370,0.152,0.890
-0.228,0.191,0.950
-0.299,0.338,1.093
-0.240,0.288,0.922
-0.230,0.072,0.904
-0.164,0.126,1.021
-0.247,0.359,1.019
-0.213,0.224,1.032
-0.121,-0.047,0.846
-0.125,0.131,0.924
-0.165,0.264,0.960
-0.209,0.243,0.980
-0.203,0.126,0.987
-0.232,0.139,0.994
-0.228,0.128,0.978
-0.260,0.125,0.978
-0.318,0.160,0.998
-0.351,0.135,0.935
-0.320,0.137,0.958
-0.330,0.129,0.965
-0.271,0.100,0.942
-0.301,0.077,0.902
-0.355,0.059,0.921
-0.317,0.066,0.935
-0.331,0.071,0.891
-0.361,0.045,0.911
-0.362,0.032,0.901
-0.431,0.066,0.908
-0.422,0.091,0.916
-0.447,0.097,0.894
-0.449,0.103,0.884
-0.509,0.001,0.805
-0.536,0.062,0.856
-0.545,0.101,0.882
-0.456,0.038,0.853
-0.420,0.049,0.897
-0.429,0.056,0.912
-0.439,0.134,0.927
-0.519,0.200,0.946
-0.497,0.090,0.880
-0.537,0.111,0.912
-0.531,0.241,0.981
-0.499,0.318,1.037
-0.473,0.212,0.978
-0.439,0.060,0.837
-0.460,0.102,0.844
-0.549,0.090,0.787
-0.576,0.168,0.916
-0.513,0.207,0.900
-0.524,0.183,0.889
-0.497,0.136,0.819
-0.480,0.118,0.863

 -,-,-
0.045,0.202,1.358
-1.006,0.017,1.198
-0.448,-0.281,1.139
-0.283,-0.375,1.156
-0.546,-0.353,1.240
-0.345,-0.304,1.261
-0.428,-0.224,1.196
-0.033,-0.197,1.182
-0.214,-0.317,1.060
-0.151,-0.325,0.969
0.049,-0.550,0.736
0.283,-0.771,0.465
0.438,-0.844,0.183
0.778,-1.312,-0.639
0.830,-1.288,-0.866
1.043,-1.404,-1.200
0.982,-1.382,-1.023
1.772,-1.991,-1.894
1.571,-2.130,-1.541
0.528,-2.355,0.168
0.540,1.923,2.861
-4.000,3.761,-3.589
4.000,0.111,-1.198
0.984,0.179,-0.390
1.581,-0.045,-0.190
-0.112,0.187,-0.038
-0.287,0.481,0.337
-0.139,0.019,0.204
-0.073,-0.456,-0.016
-0.140,-0.415,0.326
-0.225,-0.740,0.193
0.147,-1.373,0.323
-0.938,-1.920,0.597
0.536,-0.910,1.538
-0.866,-1.220,1.451
-0.582,-0.425,1.829
-0.505,-0.477,1.369
-0.380,0.176,2.000
-0.488,-0.291,0.973
-0.565,0.142,1.650
-0.467,0.057,1.176
-0.349,0.015,0.923
-0.378,0.123,0.994
-0.457,0.257,0.903
-0.479,0.311,1.081
-0.442,0.235,0.838
-0.431,0.236,1.005
-0.417,0.266,1.047
-0.515,0.266,0.929
-0.390,0.214,0.911
-0.321,0.217,0.939
-0.426,0.189,0.830
-0.361,0.178,0.886
-0.454,0.135,0.814
-0.437,0.136,0.856
-0.431,0.154,0.896
-0.461,0.164,0.912
-0.446,0.129,0.891
-0.458,0.119,0.901
-0.460,0.135,0.888
-0.428,0.170,0.914
-0.456,0.168,0.883
-0.457,0.150,0.863
-0.486,0.139,0.877
-0.454,0.133,0.864
-0.463,0.132,0.882
-0.444,0.134,0.899
-0.456,0.132,0.882
-0.454,0.128,0.865
-0.455,0.153,0.891
-0.451,0.154,0.872
-0.466,0.154,0.875
-0.407,0.173,0.897
-0.414,0.180,0.881
-0.425,0.187,0.894
-0.405,0.196,0.906
-0.411,0.206,0.899
-0.424,0.206,0.910
-0.428,0.209,0.923
-0.429,0.210,0.904
-0.434,0.199,0.912
-0.403,0.202,0.893
-0.450,0.226,0.901
-0.423,0.242,0.912
-0.404,0.259,0.912
-0.417,0.236,0.871
-0.402,0.204,0.871
-0.436,0.214,0.859
-0.420,0.215,0.874
-0.448,0.212,0.848
-0.443,0.235,0.868
-0.456,0.256,0.873
-0.459,0.247,0.861
-0.443,0.225,0.856
-0.441,0.219,0.843
-0.410,0.223,0.858
-0.418,0.222,0.850
-0.388,0.249,0.852
-0.432,0.257,0.870
-0.417,0.281,0.867

 -,-,-
-0.331,-0.068,1.097
-1.276,-0.079,0.975
-0.373,-0.491,0.973
-0.536,-0.238,1.352
-0.545,-0.425,1.107
-0.316,-0.142,1.337
-0.429,-0.238,1.323
-0.279,-0.216,1.444
-0.292,-0.392,1.373
-0.491,-0.379,1.103
0.093,-0.539,0.743
0.154,-0.473,0.592
0.481,-0.935,-0.429
0.896,-1.066,-0.755
0.992,-1.334,-1.158
1.080,-1.439,-1.222
1.194,-1.786,-1.538
1.097,-2.061,-1.188
1.055,-2.420,-1.100
-0.269,0.662,0.705
0.705,4.000,2.890
1.642,4.000,-4.000
-0.212,0.113,-1.187
0.873,0.283,-0.044
0.972,0.634,0.092
-0.980,0.321,0.139
-0.266,0.534,0.024
0.225,-0.697,-0.030
0.319,-0.816,-0.156
0.185,-0.976,0.187
0.033,-1.940,0.330
0.103,-1.533,0.265
0.204,-1.378,1.012
-0.263,-1.124,1.948
-0.644,-0.635,1.703
-1.079,-0.463,1.514
-0.506,-0.392,1.375
-0.782,-0.083,1.081
-0.644,-0.276,0.898
-0.378,-0.310,0.766
-0.335,-0.391,0.510
-0.409,-0.035,1.107
-0.513,0.043,1.058
-0.499,0.146,0.992
-0.395,0.484,1.456
-0.346,0.210,0.796
-0.357,0.320,1.068
-0.311,0.343,1.015
-0.326,0.285,0.869
-0.358,0.309,0.918
-0.390,0.260,0.932
-0.340,0.234,0.959
-0.375,0.265,0.971
-0.329,0.243,0.964
-0.325,0.218,0.989
-0.325,0.172,0.927
-0.338,0.119,0.868
-0.369,0.140,0.874
-0.398,0.142,0.841
-0.402,0.154,0.915
-0.504,0.074,0.706
-0.424,0.010,0.813
-0.489,0.065,0.844
-0.465,0.097,0.834
-0.376,0.077,0.890
-0.439,0.148,0.952
-0.397,0.110,0.898
-0.412,0.192,1.069
-0.371,0.023,0.775
-0.305,0.037,0.932
-0.312,0.163,1.001
-0.344,0.204,1.014
-0.369,0.079,0.962
-0.306,0.113,0.986
-0.370,0.203,0.984
-0.370,0.218,0.932
-0.405,0.167,0.845
-0.418,0.130,0.878
-0.413,0.119,0.857
-0.456,0.112,0.859
-0.457,0.123,0.905
-0.465,0.115,0.892
-0.479,0.115,0.887
-0.477,0.114,0.877
-0.444,0.136,0.907
-0.451,0.110,0.870
-0.457,0.125,0.888
-0.440,0.142,0.900
-0.413,0.141,0.871
-0.447,0.168,0.927
-0.417,0.179,0.896
-0.456,0.184,0.937
-0.408,0.206,0.915
-0.416,0.198,0.897
-0.428,0.195,0.890
-0.447,0.218,0.920
-0.440,0.226,0.888
-0.427,0.180,0.839
-0.428,0.184,0.888
-0.471,0.224,0.885

 -,-,-
0.180,0.036,1.133
-0.805,-0.287,0.955
-0.165,-0.459,0.816
0.354,-0.374,1.066
-0.634,-0.401,1.229
-0.339,-0.180,1.361
-0.347,-0.322,1.321
-0.217,-0.396,1.451
-0.208,-0.463,1.356
-0.078,-0.451,0.924
0.346,-0.672,0.426
0.679,-0.750,0.188
0.782,-0.991,-0.469
1.018,-1.014,-0.600
1.243,-1.172,-1.255
1.125,-1.170,-0.933
1.745,-1.423,-1.776
1.387,-2.071,-1.294
1.065,-2.013,-0.688
-0.743,1.067,1.948
-4.000,4.000,-2.200
4.000,-2.392,1.037
0.787,-0.305,-0.992
-0.024,0.265,0.080
-0.526,0.053,-0.012
-0.445,0.536,0.464
-0.194,0.022,0.411
-0.165,-0.479,0.104
0.095,-0.381,0.163
0.267,-0.636,0.534
-0.980,-1.990,-0.044
1.089,-1.127,1.035
-0.012,-1.396,0.793
-0.526,-0.116,1.412
-0.334,-0.734,1.616
-0.332,-0.167,1.937
-1.485,-0.090,1.558
-0.663,0.015,1.612
-0.666,0.116,1.210
-0.544,-0.013,1.073
-0.423,0.024,1.163
-0.462,-0.038,0.905
-0.431,0.192,1.164
-0.339,0.216,0.977
-0.371,0.203,0.856
-0.355,0.274,0.928
-0.391,0.391,1.025
-0.288,0.395,0.985
-0.259,0.198,0.888
-0.273,0.205,0.978
-0.247,0.274,1.018
-0.325,0.132,0.862
-0.233,0.036,0.893
-0.240,0.095,0.892
-0.219,0.158,0.967
-0.255,0.203,1.011
-0.263,0.197,1.001
-0.232,0.173,0.992
-0.243,0.112,0.936
-0.236,0.108,0.939
-0.260,0.134,0.954
-0.297,0.158,0.968
-0.313,0.129,0.932
-0.273,0.110,0.937
-0.297,0.152,0.957
-0.297,0.146,0.951
-0.302,0.152,0.975
-0.314,0.162,0.967
-0.300,0.129,0.938
-0.284,0.155,0.956
-0.265,0.145,0.944
-0.266,0.150,0.958
-0.267,0.148,0.969
-0.268,0.143,0.951
-0.271,0.159,0.974
-0.290,0.143,0.955
-0.293,0.125,0.943
-0.286,0.126,0.951
-0.299,0.126,0.950
-0.306,0.128,0.962
-0.315,0.130,0.973
-0.302,0.110,0.939
-0.307,0.110,0.944
-0.300,0.102,0.960
-0.310,0.114,0.948
-0.307,0.119,0.960
-0.317,0.105,0.942
-0.290,0.114,0.951
-0.303,0.124,0.967
-0.283,0.125,0.962
-0.275,0.115,0.959
-0.284,0.110,0.972
-0.279,0.125,0.958
-0.278,0.113,0.971
-0.281,0.109,0.961
-0.282,0.124,0.961
-0.284,0.112,0.967
-0.279,0.112,0.953
-0.284,0.119,0.959
-0.272,0.109,0.959

 -,-,-
-0.690,-0.129,1.108
-0.735,-0.166,0.950
0.026,-0.301,0.858
-0.054,-0.294,1.268
-0.534,-0.207,1.247
-0.182,-0.431,1.218
0.025,-0.238,1.424
-0.483,-0.204,1.554
-0.321,-0.199,1.382
-0.119,-0.241,1.261
-0.311,-0.496,0.858
0.232,-0.545,0.434
0.293,-0.780,0.006
0.715,-0.873,-0.528
0.769,-1.055,-0.738
1.067,-1.205,-1.189
1.010,-1.300,-1.192
1.377,-1.404,-1.964
1.375,-1.649,-1.308
1.208,-2.156,-1.261
-0.002,-0.334,1.402
0.003,4.000,-0.719
4.000,-0.500,-3.219
-3.536,0.084,-1.069
1.878,-0.044,-0.479
0.096,0.117,-0.221
-0.103,-0.089,0.274
0.299,0.168,0.406
-0.082,-0.876,0.047
0.099,0.026,0.121
0.304,-0.422,0.535
0.355,-0.535,0.078
-0.205,-2.023,-0.069
0.600,-1.593,0.806
-0.195,-0.886,0.745
0.341,-0.509,0.843
-1.077,-0.564,2.235
-0.781,-0.739,1.322
-0.267,0.106,1.911
-0.492,-0.214,0.944
-0.573,0.015,1.411
-0.569,0.212,1.319
-0.493,0.006,0.957
-0.273,-0.051,1.040
-0.285,0.190,1.104
-0.340,0.228,0.894
-0.262,0.185,1.145
-0.316,0.217,1.068
-0.351,0.150,0.949
-0.287,0.132,0.963
-0.252,0.054,0.784
-0.208,0.116,0.936
-0.260,0.160,0.951
-0.234,0.174,0.920
-0.301,0.163,0.956
-0.252,0.125,0.989
-0.289,0.138,0.990
-0.255,0.132,0.972
-0.230,0.114,0.966
-0.208,0.138,0.970
-0.251,0.146,0.946
-0.255,0.145,0.932
-0.246,0.129,0.922
-0.291,0.104,0.906
-0.299,0.140,0.960
-0.344,0.158,0.953
-0.285,0.118,0.938
-0.297,0.138,0.986
-0.274,0.134,0.922
-0.244,0.148,0.991
-0.247,0.190,0.982
-0.304,0.271,1.080
-0.226,0.064,0.837
-0.246,0.017,0.857
-0.262,0.139,0.983
-0.294,0.231,1.015
-0.271,0.127,0.949
-0.227,0.185,1.035
-0.253,0.194,0.970
-0.219,0.144,0.970
-0.232,0.110,0.951
-0.189,0.163,1.007
-0.272,0.191,1.010
-0.301,0.163,0.955
-0.233,0.103,0.903
-0.256,0.120,0.912
-0.273,0.217,0.970
-0.317,0.202,0.909
-0.314,0.141,0.875
-0.311,0.145,0.883
-0.315,0.166,0.926
-0.306,0.164,0.949
-0.304,0.178,0.987
-0.289,0.181,0.983
-0.273,0.176,0.999
-0.292,0.197,1.001
-0.295,0.199,0.978
-0.292,0.189,0.960
-0.286,0.161,0.907
-0.263,0.157,0.904

 -,-,-
-0.817,-0.282,1.077
-0.655,-0.228,1.538
-0.261,-0.692,0.903
-0.019,-0.460,1.521
-0.144,-0.573,1.221
-0.234,-0.312,1.351
-0.335,-0.390,1.304
0.103,-0.464,1.092
0.144,-0.566,1.155
0.475,-0.799,0.442
0.922,-0.978,-0.248
1.151,-1.310,-0.907
1.360,-1.147,-1.026
1.269,-1.292,-1.067
1.705,-1.652,-1.650
1.519,-2.018,-1.381
0.573,-2.505,-0.389
-0.839,2.371,4.000
-2.728,3.695,-2.507
1.565,-1.206,0.658
1.827,-0.084,-1.346
-0.003,0.238,-0.139
-0.121,0.308,-0.043
-0.133,0.165,0.158
-0.073,0.034,0.339
-0.202,-0.640,0.132
0.223,-0.204,0.281
-0.277,-0.769,0.145
0.421,-0.761,0.217
-1.001,-2.415,0.118
0.768,-0.729,1.464
-0.587,-0.725,1.753
-0.695,-0.368,2.059
-0.545,-0.704,1.928
-0.228,-0.338,1.539
-0.617,-0.354,0.698
-0.273,0.046,1.780
-0.377,-0.093,0.770
-0.421,0.070,1.250
-0.412,0.098,0.980
-0.441,0.063,0.903
-0.332,0.054,0.890
-0.547,0.125,0.999
-0.470,0.250,1.200
-0.461,0.180,1.000
-0.239,0.132,0.954
-0.194,0.221,1.045
-0.258,0.146,0.830
-0.167,0.135,0.982
-0.191,0.278,1.093
-0.326,0.322,0.976
-0.288,0.051,0.785
-0.324,-0.002,0.886
-0.308,0.205,0.990
-0.384,0.277,0.951
-0.247,0.149,0.954
-0.282,0.143,0.979
-0.326,0.218,0.954
-0.295,0.106,0.907
-0.270,0.087,0.922
-0.259,0.201,0.987
-0.298,0.238,0.975
-0.271,0.191,0.943
-0.268,0.151,0.907
-0.239,0.162,0.918
-0.258,0.193,0.960
-0.257,0.201,0.934
-0.280,0.219,0.979
-0.257,0.205,0.954
-0.255,0.199,0.962
-0.256,0.192,0.940
-0.214,0.219,1.037
-0.280,0.190,0.956
-0.257,0.197,0.927
-0.315,0.164,0.848
-0.262,0.123,0.858
-0.217,0.078,0.895
-0.203,0.221,1.054
-0.255,0.172,1.000
-0.281,0.177,1.090
-0.184,0.134,1.022
-0.253,0.075,0.871
-0.315,0.093,0.870
-0.355,0.181,0.943
-0.293,0.315,1.063
-0.387,0.240,0.971
-0.356,0.195,0.931
-0.412,0.138,0.838
-0.338,0.108,0.832
-0.341,0.150,0.910
-0.349,0.114,0.819
-0.442,0.127,0.876
-0.474,0.146,0.865
-0.483,0.111,0.874
-0.440,0.083,0.909
-0.413,0.066,0.947
-0.419,0.150,1.029
-0.413,0.106,0.969
-0.337,0.118,1.002
-0.350,0.066,0.913

 -,-,-
0.386,0.031,1.610
-0.604,-0.044,1.695
-0.824,-0.333,1.537
-0.324,-0.095,1.138
-0.303,-0.160,1.236
-0.529,-0.311,1.211
-0.458,-0.271,1.315
0.126,-0.446,0.966
-0.116,-0.612,0.973
0.299,-0.945,0.267
1.066,-0.971,-0.202
0.986,-1.216,-0.747
1.033,-1.242,-0.839
0.884,-1.279,-1.046
1.196,-1.592,-1.511
1.177,-1.877,-1.494
1.380,-1.941,-1.035
-0.949,1.514,2.505
-4.000,4.000,-3.165
2.765,-3.803,0.089
1.090,1.180,-1.010
-0.176,-0.102,-0.042
-0.186,0.177,-0.129
-0.427,0.344,0.276
-0.080,0.370,0.430
-0.016,-0.759,0.179
-0.043,-0.265,0.283
0.274,-0.843,0.555
0.147,-1.669,0.317
0.055,-1.645,0.178
-0.074,-1.305,1.282
-0.967,-0.429,1.259
-0.620,-1.080,0.792
-1.427,-0.822,1.810
-1.729,0.037,1.248
-0.530,0.006,1.687
-0.599,-0.208,1.066
-0.495,-0.054,1.354
-0.569,-0.294,0.951
-0.270,-0.382,0.861
-0.580,0.055,1.264
-0.425,0.164,1.001
-0.466,0.357,1.239
-0.266,0.464,0.989
-0.377,0.334,1.031
-0.388,0.364,0.896
-0.297,0.231,0.814
-0.327,0.215,0.926
-0.287,0.230,0.878
-0.228,0.230,0.917
-0.322,0.159,0.848
-0.274,0.148,0.925
-0.356,0.156,0.919
-0.388,0.080,0.885
-0.369,0.083,0.907
-0.429,0.102,0.898
-0.411,0.129,0.978
-0.387,0.093,0.896
-0.369,0.090,0.944
-0.352,0.078,0.918
-0.366,0.077,0.928
-0.361,0.092,0.946
-0.383,0.107,0.947
-0.353,0.067,0.897
-0.375,0.084,0.921
-0.370,0.129,0.930
-0.395,0.131,0.921
-0.392,0.167,0.976
-0.375,0.147,0.912
-0.379,0.121,0.912
-0.363,0.129,0.915
-0.360,0.105,0.893
-0.365,0.133,0.927
-0.370,0.122,0.907
-0.370,0.116,0.930
-0.364,0.116,0.910
-0.362,0.112,0.920
-0.382,0.125,0.937
-0.385,0.134,0.926
-0.388,0.134,0.916
-0.394,0.155,0.931
-0.389,0.133,0.903
-0.387,0.127,0.915
-0.394,0.156,0.950
-0.401,0.154,0.919
-0.383,0.145,0.945
-0.368,0.151,0.923
-0.377,0.142,0.911
-0.386,0.156,0.917
-0.408,0.156,0.915
-0.396,0.153,0.916
-0.392,0.164,0.933
-0.392,0.164,0.913
-0.377,0.159,0.918
-0.371,0.163,0.923
-0.338,0.179,0.904
-0.335,0.180,0.911
-0.340,0.186,0.932
-0.355,0.195,0.904
-0.339,0.136,0.885

 -,-,-
-1.402,0.090,1.806
-0.924,-0.334,1.151
-0.380,-0.523,1.221
-0.394,-0.465,1.296
0.178,-0.288,1.342
-0.057,-0.487,1.018
-0.154,-0.382,1.136
-0.163,-0.126,1.173
-0.208,-0.312,0.854
0.104,-0.326,0.903
0.295,-0.638,0.453
0.391,-0.766,0.220
0.984,-1.128,-0.872
1.091,-1.210,-1.083
1.324,-1.553,-1.483
1.417,-1.403,-1.493
1.640,-1.843,-1.781
1.897,-2.246,-1.686
0.330,-0.961,1.176
4.000,4.000,3.844
-1.020,3.628,-3.800
-3.945,0.006,-1.667
0.921,-0.016,-0.322
-0.230,0.116,0.096
-0.321,0.481,0.230
-0.179,0.345,0.399
-0.106,0.114,0.394
-0.095,-0.418,0.122
0.166,-0.118,0.262
-0.324,-1.001,0.204
-0.172,-1.783,0.201
-0.520,-1.642,0.641
-0.506,-1.292,1.625
-1.953,-1.036,1.678
-0.787,-0.105,2.057
-1.016,-0.303,1.917
-0.757,-0.167,1.122
-0.497,-0.354,0.979
-0.632,0.014,1.314
-0.481,-0.043,0.818
-0.486,0.198,1.233
-0.435,0.152,0.965
-0.369,0.204,1.078
-0.415,0.335,0.980
-0.437,0.312,0.893
-0.441,0.359,1.060
-0.422,0.246,0.868
-0.375,0.221,0.907
-0.327,0.234,0.875
-0.404,0.242,0.892
-0.314,0.191,0.915
-0.346,0.193,0.958
-0.380,0.154,0.879
-0.384,0.191,1.019
-0.371,0.125,0.922
-0.344,0.063,0.908
-0.320,0.126,1.021
-0.375,0.097,0.886
-0.359,0.133,0.998
-0.362,0.092,0.909
-0.350,0.108,0.953
-0.325,0.084,0.883
-0.365,0.118,0.971
-0.344,0.101,0.920
-0.290,0.058,0.917
-0.325,0.092,0.966
-0.340,0.065,0.915
-0.331,0.051,0.966
-0.355,0.089,0.963
-0.326,0.048,0.901
-0.349,0.075,0.984
-0.356,0.061,0.908
-0.356,0.054,0.945
-0.370,0.096,0.981
-0.352,0.053,0.911
-0.359,0.048,0.934
-0.331,0.033,0.886
-0.334,0.016,0.906
-0.346,0.040,0.936
-0.370,0.057,0.975
-0.370,0.053,0.981
-0.362,0.017,0.933
-0.364,0.034,0.953
-0.362,0.032,0.949
-0.364,0.046,0.943
-0.373,0.055,0.964
-0.370,0.045,0.926
-0.381,0.067,0.952
-0.375,0.085,0.956
-0.352,0.068,0.931
-0.356,0.069,0.930
-0.370,0.073,0.920
-0.350,0.072,0.934
-0.351,0.087,0.949
-0.350,0.095,0.955
-0.339,0.094,0.945
-0.367,0.090,0.967
-0.367,0.106,0.961
-0.332,0.104,0.948
-0.338,0.083,0.963

 -,-,-
-0.440,0.045,1.519
-0.769,0.118,1.620
-0.636,-0.309,1.184
-0.723,-0.443,1.423
-0.574,-0.152,1.511
-0.857,-0.450,1.362
-0.315,-0.119,0.717
-0.182,-0.282,0.909
-0.390,-0.271,0.966
0.207,-0.327,0.623
0.350,-0.647,0.488
0.527,-0.875,-0.044
0.966,-1.083,-0.891
1.104,-1.056,-1.079
1.243,-1.356,-1.346
1.323,-1.169,-1.470
1.138,-1.408,-1.666
1.468,-2.128,-1.752
-0.447,-2.782,0.035
-0.449,1.134,4.000
-4.000,4.000,-1.753
2.687,-1.384,-0.492
1.898,-0.193,-1.205
-0.194,0.345,-0.444
-0.171,0.026,-0.002
-0.219,0.537,0.474
0.036,0.335,0.392
-0.033,-0.162,0.151
0.156,-0.389,0.514
-0.693,-0.867,-0.107
0.475,-1.962,0.247
-0.830,-2.270,-0.006
-0.168,-1.047,1.038
-0.829,-0.924,1.072
-3.178,-0.798,2.208
-3.757,0.029,1.232
-1.401,0.269,2.086
-0.901,-0.209,0.947
-0.812,-0.096,1.381
-0.613,-0.103,1.244
-0.557,-0.257,0.664
-0.469,0.057,1.205
-0.495,0.046,0.756
-0.414,0.072,0.831
-0.583,0.235,0.992
-0.286,0.187,0.692
-0.500,0.440,1.161
-0.444,0.347,0.859
-0.491,0.283,0.962
-0.560,0.271,0.847
-0.436,0.197,0.796
-0.444,0.237,0.942
-0.378,0.197,0.874
-0.302,0.230,0.996
-0.408,0.189,0.921
-0.419,0.168,0.901
-0.327,0.054,0.809
-0.346,0.143,0.968
-0.377,0.190,0.948
-0.411,0.180,0.928
-0.404,0.127,0.909
-0.373,0.095,0.872
-0.351,0.100,0.909
-0.406,0.142,0.918
-0.405,0.128,0.875
-0.370,0.081,0.877
-0.353,0.086,0.902
-0.390,0.130,0.936
-0.406,0.131,0.926
-0.392,0.138,0.969
-0.386,0.133,0.911
-0.366,0.129,0.972
-0.374,0.088,0.894
-0.363,0.106,0.929
-0.383,0.144,0.959
-0.392,0.122,0.909
-0.383,0.130,0.926
-0.382,0.123,0.942
-0.428,0.129,0.928
-0.379,0.118,0.923
-0.383,0.118,0.911
-0.368,0.125,0.929
-0.379,0.118,0.907
-0.390,0.130,0.931
-0.388,0.116,0.905
-0.413,0.136,0.947
-0.389,0.149,0.934
-0.380,0.113,0.931
-0.363,0.123,0.930
-0.395,0.115,0.959
-0.383,0.135,0.945
-0.371,0.096,0.888
-0.357,0.056,0.855
-0.366,0.109,0.935
-0.359,0.142,0.916
-0.380,0.160,1.007
-0.377,0.203,0.956
-0.372,0.122,0.896
-0.367,0.114,0.889
-0.390,0.127,0.910

 -,-,-
-0.807,-0.201,1.441
-0.713,-0.218,1.150
-0.620,-0.325,1.249
-0.223,-0.451,1.055
-0.413,-0.264,1.490
-0.536,-0.439,1.211
-0.265,-0.280,1.520
-0.326,-0.357,1.180
-0.399,-0.114,1.273
-0.146,-0.299,0.939
-0.044,-0.369,0.688
0.221,-0.627,0.363
0.415,-0.750,0.074
0.775,-1.055,-0.709
0.874,-1.163,-1.012
1.162,-1.369,-1.411
1.366,-1.457,-1.408
1.576,-1.728,-1.754
1.666,-1.970,-1.118
0.791,-2.567,0.155
-1.401,1.940,4.000
-4.000,3.684,-2.422
0.606,-1.377,-0.534
0.540,0.633,-1.087
0.571,0.068,-0.174
-0.096,0.548,0.467
0.255,0.758,0.351
0.037,0.534,0.171
0.116,-0.229,0.322
0.242,-0.685,0.063
0.102,-1.670,0.014
0.117,-2.988,-0.401
0.450,-2.089,0.279
-0.992,-1.142,0.843
-0.660,-0.914,1.246
-0.698,-1.228,0.552
-0.636,-0.430,1.922
-0.391,-0.209,0.609
-1.153,0.469,1.642
-0.453,0.020,1.332
-0.593,0.088,0.799
-0.508,0.038,0.907
-0.764,0.110,0.940
-0.609,0.073,0.912
-0.472,0.108,0.874
-0.428,0.035,0.782
-0.419,0.092,0.948
-0.492,0.117,0.883
-0.565,0.179,0.956
-0.416,0.162,0.944
-0.411,0.101,0.836
-0.415,0.150,0.897
-0.432,0.183,0.936
-0.418,0.146,0.860
-0.422,0.126,0.937
-0.391,0.140,0.926
-0.420,0.143,0.904
-0.441,0.136,0.983
-0.407,0.139,0.987
-0.416,0.141,0.946
-0.392,0.138,0.924
-0.425,0.131,0.913
-0.370,0.124,0.890
-0.383,0.146,0.946
-0.422,0.151,0.903
-0.374,0.142,0.931
-0.369,0.109,0.911
-0.380,0.104,0.921
-0.395,0.092,0.941
-0.395,0.078,0.931
-0.369,0.056,0.900
-0.343,0.061,0.920
-0.422,0.083,0.929
-0.407,0.112,0.928
-0.378,0.075,0.918
-0.377,0.054,0.893
-0.364,0.074,0.922
-0.383,0.051,0.899
-0.382,0.063,0.916
-0.394,0.060,0.921
-0.407,0.063,0.924
-0.409,0.079,0.946
-0.406,0.077,0.913
-0.404,0.061,0.945
-0.403,0.073,0.934
-0.414,0.072,0.929
-0.381,0.068,0.941
-0.409,0.057,0.905
-0.420,0.089,0.929
-0.418,0.092,0.923
-0.400,0.075,0.892
-0.413,0.091,0.915
-0.424,0.117,0.920
-0.424,0.113,0.926
-0.423,0.099,0.932
-0.412,0.089,0.907
-0.406,0.085,0.910
-0.405,0.085,0.923
-0.427,0.090,0.919
-0.408,0.096,0.932

 -,-,-
-0.987,0.483,0.789
-1.064,0.029,0.453
-0.723,-0.238,0.435
0.230,-0.490,0.535
2.259,0.096,1.497
-0.837,-0.130,1.237
-1.428,-0.376,1.269
-0.263,-0.236,0.711
-0.547,-0.329,1.211
-0.813,-0.373,1.232
-0.780,-0.377,1.268
-0.042,-0.366,1.549
-0.461,-0.448,1.423
-0.400,-0.186,1.285
-0.223,-0.283,1.116
-0.313,-0.261,0.858
0.078,-0.415,0.660
0.397,-0.535,0.320
0.506,-0.926,-0.265
0.837,-1.080,-0.771
1.179,-1.366,-1.305
1.256,-1.519,-1.290
1.710,-1.781,-1.417
1.773,-2.194,-1.701
0.056,-2.519,-0.400
-0.666,0.236,1.683
0.782,4.000,-1.634
4.000,-3.090,-1.829
-2.073,1.154,-1.556
1.206,-0.133,-0.445
-0.461,0.273,-0.039
0.231,0.552,0.032
-0.643,0.764,0.300
0.121,0.201,0.486
0.039,-0.028,0.230
-0.046,-0.954,0.516
-0.311,-2.335,0.173
0.287,-2.542,0.687
-1.425,-1.441,1.116
-0.275,0.094,2.180
-0.945,-0.484,1.286
-1.474,-0.502,1.352
-0.157,-0.326,0.850
-0.788,-0.130,1.238
-0.520,-0.060,1.140
-0.791,0.093,1.412
-0.291,-0.047,1.144
-0.379,-0.098,0.847
-0.634,0.061,1.012
-0.363,0.126,0.945
-0.406,0.176,0.923
-0.417,0.241,0.982
-0.373,0.219,0.784
-0.388,0.244,0.885
-0.397,0.148,0.704
-0.562,0.226,0.911
-0.442,0.179,0.749
-0.562,0.273,0.889
-0.553,0.217,0.870
-0.622,0.191,0.952
-0.618,0.186,0.896
-0.546,0.152,0.865
-0.584,0.160,0.831
-0.452,0.145,0.840
-0.502,0.170,0.760
-0.467,0.177,0.876
-0.619,0.241,0.778
1.126,3.575,3.923
-1.316,0.280,1.600
0.257,-0.879,-0.846
-0.763,-0.127,-0.202
-0.119,0.253,1.166
-0.603,0.237,0.446
-0.277,0.369,1.287
-0.350,0.273,0.854
-0.425,0.381,1.188
-0.500,0.327,0.950
-0.370,0.318,0.929
-0.392,0.325,0.947
-0.355,0.362,0.868
-0.409,0.374,0.892
-0.329,0.363,0.835
-0.327,0.329,0.826
-0.333,0.373,0.811
-0.329,0.355,0.805
-0.330,0.355,0.812
-0.365,0.356,0.840
-0.409,0.330,0.829
-0.380,0.364,0.982
-0.358,0.318,0.812
-0.360,0.271,0.878
-0.419,0.286,0.888
-0.396,0.271,0.930
-0.447,0.279,0.970
-0.412,0.225,0.896
-0.474,0.202,0.927
-0.400,0.186,0.852
-0.378,0.219,0.859
-0.341,0.217,0.896
-0.363,0.237,0.859

 -,-,-
0.192,0.642,1.687
-1.512,-0.472,1.185
-0.375,-0.273,1.111
-0.572,-0.499,1.144
-0.495,-0.399,1.078
-0.290,-0.358,1.202
-0.255,-0.318,1.261
-0.294,-0.146,1.241
-0.194,-0.272,1.008
-0.133,-0.234,0.964
-0.148,-0.400,0.769
-0.009,-0.537,0.499
0.398,-0.704,0.320
0.666,-0.958,-0.298
0.880,-1.232,-0.781
0.994,-1.359,-1.079
1.144,-1.518,-1.277
1.228,-1.616,-1.526
1.822,-1.868,-1.727
1.316,-2.408,-1.051
-0.246,-1.653,0.327
1.994,4.000,2.481
4.000,0.556,-4.000
-4.000,0.094,0.038
2.777,-0.015,-0.670
-1.315,0.076,0.216
0.224,0.440,0.119
-0.041,0.948,0.313
-0.043,0.702,0.201
0.321,-0.183,0.175
0.575,-0.669,0.189
-0.319,-1.825,-0.105
0.827,-3.433,0.207
1.775,-2.420,-0.554
-0.665,-1.319,0.001
-1.517,-0.616,0.970
0.312,0.276,1.897
-0.943,-0.688,1.170
-0.344,-0.714,0.893
-0.345,-0.330,1.293
-0.577,-0.329,0.606
-0.734,-0.085,1.417
-0.361,-0.372,0.686
-0.595,-0.021,1.418
-0.640,0.190,1.138
-0.687,0.119,1.067
-0.485,0.073,1.081
-0.421,-0.008,0.851
-0.426,-0.000,0.940
-0.350,-0.006,0.891
-0.364,0.057,0.933
-0.292,0.064,0.899
-0.366,0.051,0.952
-0.398,0.090,0.919
-0.371,0.061,0.870
-0.370,0.082,0.962
-0.384,0.071,0.891
-0.347,0.052,0.968
-0.349,0.059,0.957
-0.393,0.076,1.000
-0.367,0.045,0.958
-0.374,0.016,0.950
-0.393,0.071,1.012
-0.370,0.067,0.964
-0.387,0.051,0.964
-0.355,0.032,0.907
-0.348,0.012,0.914
-0.356,0.023,0.932
-0.364,0.052,0.915
-0.385,0.042,0.954
-0.343,0.023,0.930
-0.363,0.002,0.933
-0.340,0.033,0.966
-0.355,0.004,0.936
-0.332,0.016,0.957
-0.338,0.006,0.948
-0.349,-0.004,0.943
-0.372,0.018,0.951
-0.375,0.010,0.939
-0.392,0.010,0.940
-0.367,0.015,0.951
-0.360,-0.009,0.926
-0.391,0.007,0.941
-0.371,-0.004,0.921
-0.380,-0.003,0.939
-0.382,0.011,0.945
-0.384,0.014,0.951
-0.384,0.005,0.945
-0.400,0.005,0.932
-0.382,0.007,0.939
-0.383,0.015,0.934
-0.387,0.012,0.944
-0.389,0.015,0.944
-0.390,0.021,0.921
-0.374,0.020,0.955
-0.392,0.035,0.961
-0.391,0.041,0.956
-0.380,0.021,0.944
-0.378,0.008,0.924
-0.380,0.037,0.948

 -,-,-
-0.116,-0.330,1.186
-0.460,-0.394,1.365
-0.521,-0.437,1.343
-0.132,-0.438,1.038
0.082,-0.328,1.200
-0.177,-0.206,1.521
-0.267,-0.321,1.302
-0.042,-0.339,1.356
0.006,-0.396,1.187
-0.029,-0.358,0.923
-0.033,-0.457,0.620
0.362,-0.672,0.294
0.688,-0.815,-0.302
0.835,-1.110,-0.627
1.025,-1.134,-1.063
0.950,-1.154,-1.229
1.239,-1.197,-1.849
1.583,-1.200,-1.856
1.296,-2.003,-1.128
0.993,-2.101,-0.708
-0.804,1.280,3.746
-4.000,4.000,-0.139
4.000,-3.660,-1.849
-1.099,1.523,-0.563
1.302,-0.319,-0.213
-0.225,0.053,-0.117
0.047,0.201,0.098
-0.410,0.542,0.216
0.086,0.001,0.152
0.216,-0.079,-0.046
0.316,-0.566,0.248
-0.280,-1.477,-0.158
0.676,-2.925,-0.192
0.409,-1.293,0.429
-0.089,-0.298,1.998
-0.766,-0.763,1.199
-1.179,-0.169,1.838
-0.997,1.429,2.453
-0.842,0.158,1.713
-0.571,-0.176,1.089
-0.646,0.395,1.981
-0.558,0.133,0.806
-0.386,0.308,1.204
-0.456,0.223,0.911
-0.135,0.426,1.052
-0.272,0.339,1.007
-0.243,0.297,0.890
-0.229,0.316,0.907
-0.221,0.132,0.825
-0.290,0.243,0.973
-0.187,0.236,0.888
-0.162,-0.005,0.745
-0.165,0.123,0.961
-0.160,0.143,0.923
-0.197,0.161,1.032
-0.224,0.151,0.963
-0.250,0.130,0.968
-0.240,0.111,1.004
-0.240,0.142,1.002
-0.253,0.153,1.002
-0.258,0.135,0.991
-0.239,0.140,1.007
-0.255,0.144,0.973
-0.223,0.130,0.979
-0.220,0.147,0.968
-0.220,0.152,0.975
-0.215,0.153,0.982
-0.241,0.142,0.943
-0.227,0.137,0.942
-0.242,0.165,0.973
-0.244,0.162,0.954
-0.247,0.140,0.984
-0.236,0.138,0.964
-0.253,0.109,0.952
-0.244,0.139,0.992
-0.249,0.112,0.964
-0.303,0.136,0.984
-0.229,0.153,0.989
-0.292,0.129,1.000
-0.255,0.105,0.956
-0.257,0.117,0.976
-0.256,0.130,0.976
-0.275,0.126,0.963
-0.273,0.122,0.962
-0.274,0.129,0.970
-0.290,0.142,0.975
-0.272,0.138,0.976
-0.274,0.135,0.964
-0.267,0.133,0.960
-0.271,0.132,0.958
-0.270,0.134,0.964
-0.253,0.138,0.965
-0.249,0.153,0.969
-0.252,0.145,0.965
-0.276,0.155,0.971
-0.260,0.142,0.970
-0.285,0.132,0.952
-0.277,0.137,0.959
-0.287,0.145,0.968
-0.291,0.150,0.975

 -,-,-
0.493,0.204,1.698
-0.919,-0.202,1.328
-0.590,-0.338,1.205
-0.202,-0.401,1.307
-0.304,-0.342,1.400
-0.215,-0.478,1.036
-0.139,-0.410,1.239
-0.220,-0.429,1.092
0.028,-0.458,0.701
-0.061,-0.367,0.857
0.219,-0.616,0.440
0.501,-0.724,0.104
0.802,-0.848,-0.457
1.141,-1.085,-0.958
1.158,-1.191,-0.922
1.194,-1.214,-1.168
0.891,-1.355,-1.133
1.857,-1.884,-1.567
1.776,-2.433,-1.179
0.059,-2.011,-0.046
-0.523,4.000,4.000
1.466,3.370,-4.000
-2.847,0.062,1.111
3.487,-0.155,-1.190
-0.380,0.132,0.074
-0.237,0.278,0.292
0.214,0.572,0.179
0.112,0.139,0.157
0.317,-0.366,0.135
0.275,-0.809,0.118
0.332,-1.370,0.312
0.665,-2.686,-0.098
0.008,-1.664,0.162
0.590,-1.302,1.233
-1.047,-0.980,1.562
-1.631,-0.420,1.319
-2.744,0.807,2.336
-0.485,-0.213,1.774
-0.653,-0.183,0.992
-0.525,-0.014,1.294
-0.470,-0.115,1.021
-0.179,-0.260,0.678
-0.535,0.098,1.251
-0.262,0.019,0.895
-0.438,-0.020,0.741
-0.295,0.185,1.117
-0.389,0.135,0.828
-0.299,0.017,0.894
-0.220,0.037,0.871
-0.307,0.158,1.109
-0.328,0.119,1.021
-0.301,0.116,0.983
-0.309,0.136,1.054
-0.282,0.097,0.950
-0.241,0.114,0.972
-0.361,0.091,0.926
-0.349,0.215,1.066
-0.325,0.167,0.948
-0.324,0.167,0.999
-0.275,0.148,0.996
-0.297,0.131,0.977
-0.277,0.138,0.939
-0.282,0.151,0.962
-0.283,0.177,0.960
-0.317,0.167,0.940
-0.281,0.138,0.929
-0.285,0.116,0.948
-0.278,0.104,0.910
-0.311,0.116,0.938
-0.299,0.125,0.966
-0.338,0.125,0.966
-0.279,0.103,0.970
-0.298,0.099,1.001
-0.279,0.102,0.997
-0.321,0.077,0.931
-0.290,0.100,0.960
-0.298,0.087,0.932
-0.301,0.104,0.957
-0.311,0.106,0.975
-0.319,0.101,0.979
-0.338,0.096,0.954
-0.342,0.067,0.927
-0.302,0.062,0.954
-0.309,0.070,0.937
-0.309,0.069,0.942
-0.348,0.092,1.001
-0.341,0.081,0.944
-0.331,0.066,0.967
-0.318,0.074,0.953
-0.320,0.092,0.957
-0.321,0.076,0.971
-0.311,0.061,0.952
-0.332,0.081,0.965
-0.331,0.088,0.975
-0.320,0.071,0.963
-0.333,0.077,0.960
-0.337,0.071,0.961
-0.330,0.073,0.965
-0.341,0.072,0.952
-0.344,0.065,0.965

 -,-,-
-0.610,0.235,1.521
-1.245,-0.035,1.549
-0.083,0.004,0.797
-0.879,-0.397,1.317
-0.546,-0.104,1.204
-0.301,-0.532,1.323
-0.358,-0.253,1.457
-0.169,-0.364,1.391
-0.326,-0.372,1.136
-0.028,-0.282,1.146
-0.360,-0.395,0.919
0.179,-0.347,0.651
0.287,-0.602,0.401
0.517,-0.756,-0.068
0.882,-0.990,-0.737
1.038,-1.132,-0.909
1.276,-1.296,-1.359
1.123,-1.552,-1.421
2.251,-1.926,-1.921
1.022,-2.528,-0.878
0.231,-1.363,0.192
0.448,4.000,3.135
2.369,-0.659,-4.000
-3.572,0.295,-0.529
1.518,0.067,-0.694
-0.033,0.135,0.055
-0.463,0.417,0.101
0.189,0.554,0.283
-0.286,0.258,0.380
0.189,-0.383,0.052
0.519,-0.842,-0.288
-0.625,-1.615,-0.363
0.787,-1.914,0.064
0.005,-2.184,0.502
-0.192,-0.926,0.737
-1.205,-0.430,1.584
-0.748,-0.178,1.860
-0.762,-0.033,1.100
-0.400,0.176,1.793
-0.572,-0.012,1.082
-0.485,0.221,1.592
-0.509,0.160,1.188
-0.356,0.119,1.063
-0.273,0.006,1.190
-0.420,0.140,1.061
-0.294,0.108,0.953
-0.266,0.097,0.914
-0.325,0.128,0.912
-0.228,0.138,0.911
-0.222,0.118,0.926
-0.286,0.098,0.941
-0.331,0.078,0.886
-0.282,0.046,0.944
-0.361,0.051,0.908
-0.337,0.039,0.946
-0.307,-0.003,0.889
-0.345,-0.011,0.912
-0.325,0.030,0.974
-0.375,0.015,0.933
-0.368,0.033,1.018
-0.375,0.022,0.975
-0.387,0.025,0.964
-0.382,0.024,1.001
-0.380,0.033,0.987
-0.378,0.011,0.941
-0.371,-0.005,0.928
-0.360,0.001,0.914
-0.350,0.023,0.947
-0.352,0.020,0.951
-0.349,0.032,0.974
-0.349,0.029,0.943
-0.339,0.019,0.952
-0.341,0.009,0.941
-0.328,0.026,0.939
-0.346,0.022,0.936
-0.344,0.039,0.958
-0.352,0.034,0.952
-0.350,0.011,0.933
-0.359,0.041,0.967
-0.359,0.032,0.945
-0.344,0.042,0.965
-0.360,0.009,0.932
-0.360,0.011,0.932
-0.363,0.019,0.965
-0.347,0.031,0.998
-0.354,-0.032,0.933
-0.313,-0.006,1.018
-0.302,0.032,0.994
-0.320,0.021,0.970
-0.324,0.019,0.917
-0.294,0.018,0.918
-0.312,0.119,1.030
-0.353,0.141,1.000
-0.345,0.112,0.953
-0.363,-0.054,0.846
-0.299,-0.056,0.958
-0.344,0.079,1.001
-0.342,0.036,0.939
-0.369,-0.077,0.886
-0.531,-0.101,0.892

 -,-,-
-0.809,0.313,2.360
-1.301,-0.525,1.215
-0.321,-0.341,1.052
-0.197,-0.384,1.124
-0.284,-0.251,1.443
-0.461,-0.298,1.278
-0.382,-0.199,1.401
-0.085,-0.279,1.042
-0.156,-0.251,0.888
-0.004,-0.346,0.585
0.409,-0.652,0.302
0.519,-0.678,-0.093
0.681,-1.094,-0.828
1.081,-1.236,-0.957
1.217,-1.663,-1.335
1.374,-1.720,-1.520
1.550,-1.999,-1.417
1.813,-2.223,-1.670
-0.802,-2.383,-0.226
0.115,4.000,4.000
0.896,4.000,-3.464
-3.622,-0.977,0.364
1.858,0.024,-0.801
0.196,-0.129,-0.415
0.031,0.584,0.356
0.501,0.402,0.242
0.082,0.404,0.048
-0.068,-0.456,0.232
0.945,-0.289,0.144
-0.317,-1.592,0.226
0.548,-2.049,0.294
0.179,-2.803,0.036
0.053,-1.787,1.074
-0.610,-1.032,1.189
-0.526,-0.847,0.606
-1.437,-0.443,1.315
0.971,-0.090,1.277
-0.104,-0.169,1.069
-0.548,-0.306,1.134
-0.627,-0.234,1.056
-0.594,-0.177,1.041
-0.435,-0.207,0.950
-0.260,0.001,1.237
-0.459,0.011,1.160
-0.420,0.076,1.137
-0.355,-0.004,0.901
-0.334,0.029,0.908
-0.227,0.113,0.992
-0.336,0.056,0.874
-0.327,0.071,0.972
-0.378,0.003,0.878
-0.334,0.016,1.013
-0.344,-0.000,0.934
-0.339,0.034,0.989
-0.321,-0.011,0.943
-0.294,-0.016,0.960
-0.319,0.027,1.019
-0.315,0.053,0.992
-0.312,0.014,0.967
-0.300,0.004,0.953
-0.278,-0.037,0.891
-0.368,0.033,0.988
-0.375,0.055,0.955
-0.363,0.013,0.939
-0.320,-0.023,0.924
-0.340,-0.004,0.970
-0.346,-0.002,0.918
-0.321,-0.010,0.978
-0.339,-0.017,0.961
-0.324,-0.034,0.956
-0.340,-0.017,0.992
-0.319,-0.040,0.932
-0.338,-0.025,0.973
-0.352,0.000,0.981
-0.379,-0.002,0.947
-0.353,-0.025,0.982
-0.345,-0.027,0.949
-0.348,-0.026,0.938
-0.362,-0.029,0.947
-0.337,-0.026,0.950
-0.359,-0.019,0.961
-0.359,-0.037,0.964
-0.356,-0.056,0.943
-0.339,-0.056,0.923
-0.355,-0.037,0.958
-0.366,-0.032,0.944
-0.373,-0.023,0.965
-0.364,-0.025,0.965
-0.360,-0.039,0.935
-0.360,-0.049,0.935
-0.372,-0.028,0.957
-0.366,-0.024,0.946
-0.378,-0.015,0.950
-0.366,-0.019,0.952
-0.372,-0.015,0.943
-0.374,-0.030,0.936
-0.380,-0.023,0.944
-0.375,-0.011,0.954
-0.365,-0.031,0.937
-0.373,-0.039,0.942

 -,-,-
-1.076,0.565,1.019
2.419,1.442,0.711
-0.119,-0.118,1.575
-0.862,-0.516,0.809
-0.909,-0.601,0.961
-0.387,-0.563,0.882
-0.489,-0.524,1.353
-0.424,-0.551,1.092
0.064,-0.507,1.021
-0.284,-0.362,1.187
-0.276,-0.497,1.029
-0.082,-0.483,1.165
-0.016,-0.500,0.937
0.406,-0.643,0.345
0.828,-1.047,-0.074
1.001,-1.077,-0.726
1.138,-1.457,-1.249
1.305,-1.360,-1.440
1.876,-1.599,-1.667
1.658,-2.021,-1.270
1.158,-2.088,-0.434
-2.135,1.533,3.323
-4.000,4.000,-1.425
4.000,-1.902,-1.395
-0.526,1.552,-1.073
0.823,-0.019,-0.459
-0.371,0.401,-0.109
0.266,0.726,0.329
0.178,0.957,0.279
-0.011,0.178,0.374
0.108,-0.516,0.089
-0.070,-1.124,-0.052
-0.264,-2.766,-0.227
0.723,-2.978,-0.323
0.080,-0.749,1.583
1.099,-1.383,0.912
-1.600,0.231,1.289
-0.689,-1.088,0.436
-0.359,-0.323,1.699
-0.558,-0.359,0.674
-0.367,0.314,1.980
-0.691,-0.032,0.937
-0.115,0.053,1.470
-0.664,0.357,1.229
-0.453,0.200,0.916
-0.419,0.160,1.073
-0.349,0.112,0.888
-0.353,0.173,1.040
-0.418,0.107,0.841
-0.313,0.042,0.954
-0.295,0.055,0.964
-0.332,0.080,0.906
-0.299,0.098,1.006
-0.289,0.038,0.895
-0.248,0.027,0.930
-0.326,0.074,1.030
-0.303,0.071,0.947
-0.372,0.041,0.954
-0.362,0.046,0.994
-0.345,0.019,0.924
-0.321,0.020,0.940
-0.339,0.010,0.941
-0.307,0.020,0.944
-0.336,0.026,0.953
-0.325,0.036,0.957
-0.296,0.041,0.948
-0.291,0.041,0.943
-0.294,0.016,0.919
-0.295,0.059,0.988
-0.313,0.068,0.980
-0.374,0.056,0.971
-0.331,0.067,0.970
-0.366,0.046,0.962
-0.342,0.047,0.955
-0.347,0.063,0.938
-0.361,0.043,0.911
-0.367,0.078,0.959
-0.364,0.075,0.929
-0.346,0.053,0.935
-0.360,0.055,0.955
-0.351,0.050,0.961
-0.348,0.050,0.951
-0.364,0.075,1.000
-0.353,0.075,0.955
-0.358,0.096,0.963
-0.379,0.092,0.935
-0.374,0.093,0.943
-0.373,0.074,0.912
-0.374,0.073,0.903
-0.404,0.110,0.960
-0.370,0.049,0.886
-0.375,0.025,0.950
-0.357,0.085,0.990
-0.327,0.074,0.874
-0.270,0.082,0.926
-0.328,0.043,0.781
-0.468,-0.097,0.829
-0.354,0.075,1.043
-0.485,0.107,0.996
-0.436,0.184,1.121

 -,-,-
-0.954,-0.214,1.056
-1.036,-0.189,1.059
-0.500,-0.171,1.124
-0.716,-0.303,1.344
-0.910,-0.314,0.926
-0.391,-0.281,1.066
-0.260,-0.426,1.200
-0.194,-0.398,1.152
-0.566,-0.267,1.205
-0.339,-0.272,1.166
0.027,-0.483,1.038
0.163,-0.626,0.703
0.522,-0.880,0.170
0.667,-1.121,-0.323
1.055,-1.417,-0.957
1.150,-1.439,-1.065
1.239,-1.430,-1.576
1.561,-1.716,-1.439
1.433,-1.958,-1.122
0.228,-2.673,-0.060
-1.005,2.402,4.000
-4.000,4.000,-1.903
2.824,-2.258,-0.558
0.760,1.048,-1.201
0.840,0.090,-0.082
-1.014,0.453,0.402
0.115,0.586,0.167
-0.020,0.542,0.429
-0.119,-0.547,0.395
0.648,-0.695,-0.115
0.278,-1.810,0.092
0.645,-2.635,0.159
0.014,-2.042,0.367
-0.167,-1.220,1.017
-2.520,-0.577,2.383
1.403,-0.500,1.020
-0.839,-0.857,1.143
-0.051,-0.658,0.986
-0.602,-0.434,0.969
-0.388,-0.084,1.242
-0.610,-0.245,0.647
-0.380,-0.041,1.231
-0.394,-0.144,0.846
-0.383,-0.066,1.186
-0.322,-0.104,1.014
-0.305,-0.152,0.743
-0.391,0.096,1.207
-0.491,-0.015,0.862
-0.406,0.112,1.149
-0.378,-0.029,1.008
-0.431,0.089,1.082
-0.382,0.113,0.972
-0.360,-0.005,0.934
-0.296,0.014,0.921
-0.358,-0.021,0.942
-0.359,0.076,1.005
-0.365,-0.017,0.808
-0.283,0.015,0.971
-0.311,0.015,0.935
-0.354,0.046,1.007
-0.308,-0.009,0.940
-0.361,0.016,0.914
-0.364,0.024,1.021
-0.340,-0.020,0.890
-0.410,0.021,0.970
-0.375,0.010,0.901
-0.391,0.004,0.908
-0.345,0.001,0.924
-0.359,0.004,0.968
-0.355,0.008,0.944
-0.367,-0.003,0.939
-0.358,-0.000,0.965
-0.376,0.027,0.993
-0.375,0.038,0.950
-0.379,0.031,0.958
-0.361,0.037,0.963
-0.355,0.068,0.954
-0.356,0.032,0.907
-0.367,0.091,0.981
-0.375,0.070,0.954
-0.377,0.050,0.926
-0.388,0.042,0.925
-0.405,0.064,0.936
-0.390,0.044,0.910
-0.385,0.045,0.927
-0.407,0.042,0.932
-0.411,0.043,0.918
-0.408,0.048,0.944
-0.409,0.038,0.939
-0.400,0.047,0.943
-0.417,0.058,0.940
-0.408,0.051,0.946
-0.403,0.045,0.942
-0.404,0.035,0.914
-0.422,0.043,0.924
-0.417,0.054,0.936
-0.430,0.046,0.935
-0.422,0.031,0.889
-0.430,0.038,0.897
-0.443,0.086,0.944

 -,-,-
0.144,0.002,1.494
-0.959,-0.189,1.151
-0.150,-0.203,0.658
-0.475,-0.496,1.207
-0.414,-0.329,1.178
-0.282,-0.418,1.269
-0.278,-0.345,1.271
-0.135,-0.408,1.146
-0.156,-0.400,1.128
-0.147,-0.383,1.015
0.080,-0.489,0.787
0.389,-0.734,0.464
0.576,-0.920,0.111
0.773,-1.098,-0.267
1.045,-1.294,-0.799
1.129,-1.360,-0.968
1.234,-1.565,-1.390
2.099,-1.893,-1.492
1.672,-2.282,-1.300
0.166,-1.312,0.448
0.453,4.000,3.925
1.943,3.112,-3.704
-2.589,-1.404,1.514
0.374,0.502,-0.851
0.546,0.006,-0.171
-0.314,0.478,0.228
0.272,0.626,0.208
0.137,0.221,0.120
0.241,-0.453,0.093
0.463,-0.455,-0.009
0.124,-1.355,-0.061
0.467,-2.150,0.043
0.474,-2.089,-0.027
-0.250,-1.200,0.605
-0.510,-0.898,1.320
-0.792,-0.121,1.107
-1.328,-0.037,1.774
-0.539,-0.028,1.536
-0.543,0.150,1.318
-0.696,0.381,1.276
-0.628,0.155,1.031
-0.541,0.396,1.389
-0.566,0.312,0.838
-0.372,0.273,1.027
-0.420,0.269,1.028
-0.394,0.260,0.924
-0.466,0.201,0.882
-0.405,0.136,0.854
-0.379,0.090,0.838
-0.436,0.094,0.833
-0.385,0.097,0.892
-0.420,0.068,0.859
-0.458,0.075,0.803
-0.423,0.036,0.858
-0.395,0.062,0.922
-0.446,0.072,0.849
-0.454,0.089,0.996
-0.438,0.039,0.865
-0.415,0.059,0.960
-0.414,0.020,0.891
-0.444,0.047,0.922
-0.406,0.097,0.971
-0.432,0.085,0.915
-0.423,0.088,0.948
-0.420,0.097,0.890
-0.397,0.087,0.910
-0.406,0.078,0.872
-0.399,0.084,0.913
-0.427,0.096,0.923
-0.428,0.102,0.930
-0.391,0.051,0.897
-0.402,0.052,0.886
-0.427,0.119,0.965
-0.445,0.098,0.942
-0.444,0.080,0.922
-0.432,0.101,0.925
-0.441,0.089,0.907
-0.418,0.066,0.864
-0.453,0.105,0.927
-0.461,0.113,0.900
-0.477,0.121,0.914
-0.467,0.088,0.894
-0.448,0.092,0.886
-0.432,0.082,0.882
-0.447,0.090,0.905
-0.445,0.109,0.891
-0.443,0.108,0.887
-0.436,0.087,0.875
-0.476,0.148,0.926
-0.460,0.148,0.865
-0.486,0.106,0.868
-0.472,0.136,0.874
-0.481,0.122,0.857
-0.485,0.094,0.851
-0.477,0.112,0.861
-0.492,0.132,0.880
-0.502,0.069,0.827
-0.495,0.082,0.830
-0.559,0.097,0.865
-0.574,0.192,0.942

 -,-,-
0.110,-0.166,1.216
-0.834,-0.118,1.181
-0.827,-0.120,1.052
-0.525,-0.145,0.825
-0.827,-0.092,0.961
-0.456,-0.233,0.976
-0.249,-0.459,0.997
-0.113,-0.423,1.202
-0.050,-0.474,1.109
0.052,-0.534,1.160
-0.001,-0.435,1.266
-0.173,-0.445,1.062
-0.026,-0.394,0.959
0.032,-0.613,0.727
0.206,-0.814,0.284
0.632,-0.897,-0.032
0.948,-1.179,-0.480
1.110,-1.288,-0.768
1.184,-1.511,-1.059
1.226,-1.628,-1.292
1.914,-1.710,-1.431
1.261,-2.332,-1.166
0.215,-1.732,0.373
-0.107,4.000,3.854
2.783,0.044,-4.000
-1.417,-0.370,0.619
1.830,-0.021,-0.999
0.146,0.239,0.059
-0.197,0.130,0.402
-0.004,-0.048,0.199
0.223,-0.364,-0.215
0.370,-0.284,-0.053
0.201,-0.929,0.401
-0.024,-1.117,-0.146
0.094,-1.996,0.169
-1.233,-1.231,0.472
0.201,-0.803,1.392
-0.919,-0.724,1.791
-0.417,-0.118,2.130
-0.665,-0.089,1.629
-0.907,-0.565,1.345
-0.539,-0.302,1.450
-0.509,-0.327,0.781
-0.378,-0.131,1.125
-0.308,-0.071,1.030
-0.542,-0.059,0.833
-0.429,-0.074,0.926
-0.434,0.021,0.934
-0.527,0.000,0.836
-0.371,-0.011,1.065
-0.366,-0.049,0.858
-0.472,0.026,0.875
-0.386,0.141,1.050
-0.337,0.140,0.830
-0.374,0.175,0.985
-0.281,0.134,0.853
-0.464,0.120,0.898
-0.417,0.150,0.937
-0.436,0.123,0.895
-0.431,0.174,0.994
-0.440,0.081,0.840
-0.491,0.073,0.933
-0.465,0.093,0.900
-0.531,0.115,0.952
-0.359,0.052,0.911
-0.501,-0.036,0.901
-0.458,0.100,0.943
-0.417,0.062,0.852
-0.434,0.107,0.983
-0.417,0.115,0.924
-0.430,0.122,0.977
-0.440,0.104,0.943
-0.403,0.100,0.887
-0.408,0.132,0.897
-0.360,0.109,0.893
-0.420,0.155,0.944
-0.406,0.165,0.896
-0.407,0.112,0.886
-0.415,0.127,0.922
-0.407,0.160,0.886
-0.404,0.133,0.901
-0.423,0.166,0.940
-0.445,0.182,0.914
-0.414,0.147,0.914
-0.424,0.126,0.883
-0.415,0.148,0.882
-0.417,0.145,0.897
-0.452,0.192,0.908
-0.407,0.161,0.894
-0.392,0.146,0.864
-0.429,0.164,0.928
-0.409,0.167,0.869
-0.409,0.122,0.865
-0.422,0.154,0.916
-0.417,0.156,0.875
-0.438,0.149,0.896
-0.388,0.139,0.848
-0.493,0.152,0.918
-0.458,0.221,0.939
-0.424,0.156,0.868

 -,-,-
-0.226,0.258,1.800
-1.106,-0.367,1.103
-0.051,-0.164,0.906
-0.165,-0.333,0.996
-0.381,-0.308,1.312
-0.453,-0.526,1.282
-0.241,-0.295,1.370
-0.229,-0.287,1.251
-0.286,-0.263,1.275
-0.266,-0.356,1.179
-0.039,-0.344,0.948
0.031,-0.437,0.699
0.246,-0.677,0.218
0.699,-1.027,-0.403
0.889,-1.193,-0.647
1.163,-1.375,-1.310
1.108,-1.380,-1.116
1.364,-1.544,-1.411
1.654,-1.846,-1.803
1.119,-2.329,-1.114
-0.615,-0.295,0.985
3.740,4.000,0.534
4.000,-0.114,-3.973
-1.827,-0.505,-0.110
0.754,0.038,-0.699
0.752,-0.008,-0.155
0.119,-0.062,-0.053
-0.248,0.392,0.157
-0.018,-0.362,-0.028
0.337,-0.658,-0.159
0.144,-0.470,0.065
0.218,-0.729,0.111
0.125,-1.587,0.321
-0.926,-1.717,0.491
-0.579,-0.860,1.250
-0.486,-0.730,1.345
-4.000,-0.198,2.414
0.160,-0.188,0.593
-0.152,0.303,1.840
0.101,-0.485,1.252
-0.723,-0.232,1.299
-0.441,-0.123,1.152
-0.232,-0.359,1.044
-0.587,0.000,1.226
-0.543,0.080,1.015
-0.306,0.149,1.103
-0.361,0.229,1.031
-0.269,0.216,0.935
-0.278,0.191,0.988
-0.265,0.217,1.026
-0.276,0.195,0.853
-0.271,0.171,0.886
-0.232,0.111,0.819
-0.320,0.070,0.801
-0.338,0.148,0.994
-0.369,0.197,0.982
-0.355,0.143,0.936
-0.323,0.114,0.976
-0.335,0.158,0.975
-0.388,0.151,0.944
-0.371,0.143,0.954
-0.379,0.124,0.893
-0.376,0.121,0.922
-0.391,0.186,0.953
-0.408,0.196,0.948
-0.407,0.176,0.925
-0.395,0.163,0.894
-0.377,0.174,0.917
-0.389,0.159,0.921
-0.376,0.162,0.912
-0.396,0.149,0.909
-0.397,0.166,0.936
-0.407,0.159,0.926
-0.369,0.121,0.891
-0.382,0.119,0.894
-0.390,0.159,0.919
-0.394,0.168,0.933
-0.378,0.156,0.906
-0.389,0.146,0.904
-0.380,0.148,0.907
-0.390,0.154,0.912
-0.386,0.181,0.924
-0.384,0.187,0.926
-0.399,0.157,0.898
-0.384,0.165,0.912
-0.412,0.181,0.922
-0.391,0.170,0.916
-0.393,0.159,0.892
-0.391,0.165,0.923
-0.414,0.174,0.901
-0.397,0.163,0.921
-0.411,0.171,0.916
-0.408,0.173,0.917
-0.419,0.180,0.933
-0.410,0.197,0.919
-0.421,0.184,0.921
-0.416,0.197,0.907
-0.406,0.215,0.904
-0.370,0.202,0.902
-0.453,0.248,0.911

 -,-,-
-0.163,-0.060,1.276
-0.595,-0.282,0.984
-0.410,-0.547,1.137
-0.526,-0.532,1.344
-0.310,-0.261,1.429
-0.333,-0.242,1.284
-0.266,-0.341,1.219
-0.046,-0.333,1.114
-0.051,-0.459,0.834
0.166,-0.624,0.476
0.489,-0.849,0.271
0.750,-0.989,-0.155
1.002,-1.222,-0.815
1.222,-1.474,-0.860
1.209,-1.492,-1.137
1.288,-1.616,-1.315
1.583,-2.101,-1.519
1.339,-2.068,-0.804
-1.013,-0.232,1.271
4.000,4.000,-0.198
4.000,-0.819,-4.000
-2.625,0.011,-0.507
1.209,0.252,-0.917
0.319,0.145,-0.183
-0.484,0.606,0.292
-0.141,0.811,0.271
0.099,0.260,0.141
-0.121,-0.314,0.028
0.300,-0.432,0.125
-0.184,-2.152,0.139
0.972,-2.357,0.432
0.715,-1.340,0.758
-1.186,-0.035,1.468
-1.840,0.725,2.285
3.036,-2.082,1.045
-3.070,-0.020,1.821
-1.498,0.011,1.168
-0.736,-0.024,1.487
-0.677,0.130,1.260
-0.652,-0.004,0.958
-0.395,0.019,1.036
-0.405,0.085,0.851
-0.559,0.219,0.906
-0.473,0.288,0.964
-0.477,0.276,0.916
-0.394,0.228,0.915
-0.301,0.233,0.985
-0.317,0.145,0.877
-0.284,0.117,0.912
-0.342,0.104,0.812
-0.335,0.159,0.945
-0.335,0.133,0.851
-0.385,0.084,0.794
-0.334,0.085,0.907
-0.349,0.076,0.868
-0.382,0.058,0.854
-0.412,0.090,0.952
-0.406,0.087,0.973
-0.370,0.083,0.928
-0.360,0.079,0.920
-0.395,0.081,0.914
-0.395,0.089,0.889
-0.414,0.094,0.946
-0.401,0.101,0.912
-0.396,0.095,0.920
-0.390,0.087,0.903
-0.412,0.117,0.941
-0.393,0.177,0.931
-0.355,0.118,0.870
-0.429,0.159,0.941
-0.385,0.180,0.894
-0.412,0.163,0.899
-0.385,0.143,0.880
-0.373,0.162,0.910
-0.411,0.205,0.927
-0.428,0.207,0.916
-0.427,0.191,0.927
-0.400,0.204,0.906
-0.396,0.172,0.878
-0.390,0.169,0.882
-0.416,0.185,0.876
-0.415,0.172,0.924
-0.427,0.174,0.903
-0.421,0.178,0.895
-0.420,0.168,0.897
-0.434,0.164,0.888
-0.438,0.194,0.910
-0.442,0.190,0.890
-0.430,0.168,0.860
-0.439,0.186,0.885
-0.446,0.220,0.890
-0.423,0.199,0.878
-0.444,0.230,0.896
-0.443,0.227,0.890
-0.437,0.194,0.868
-0.418,0.183,0.855
-0.435,0.201,0.884
-0.431,0.232,0.893
-0.418,0.236,0.887
-0.429,0.224,0.888

 -,-,-
0.440,0.479,1.767
-0.988,-0.100,1.176
-0.522,-0.266,0.908
-0.451,-0.401,1.256
-0.555,-0.382,1.488
-0.163,-0.414,1.192
-0.105,-0.369,1.320
-0.068,-0.263,1.273
-0.224,-0.280,0.968
-0.000,-0.276,0.959
-0.149,-0.468,0.795
0.200,-0.577,0.525
0.554,-0.747,0.154
0.869,-1.050,-0.644
1.057,-1.222,-1.039
1.055,-1.164,-1.190
1.227,-1.236,-1.729
1.102,-1.306,-1.854
1.356,-1.955,-1.678
0.962,-2.213,-1.181
-0.548,0.596,2.328
2.901,4.000,-1.182
4.000,-0.867,-3.428
-1.794,0.662,-1.431
0.986,-0.057,-0.440
0.234,0.066,-0.218
-0.444,0.272,-0.041
0.227,0.312,0.083
-0.167,-0.115,0.186
-0.206,-0.814,0.063
0.128,-0.223,0.007
-0.161,-0.717,0.160
-0.118,-1.288,0.319
0.177,-1.137,0.550
-0.723,-0.748,1.152
-1.184,-0.318,1.612
1.276,-0.545,2.325
-1.352,0.151,1.577
-1.205,0.222,1.820
-0.600,0.288,1.288
-0.647,0.327,1.330
-0.439,0.357,1.102
-0.460,0.284,0.905
-0.333,0.212,0.893
-0.007,0.417,0.838
-0.549,0.404,0.868
-0.456,0.409,0.834
-0.392,0.439,0.805
-0.425,0.540,0.763
-0.505,0.498,0.792
-0.408,0.471,0.873
-0.436,0.397,0.782
-0.464,0.347,0.783
-0.446,0.342,0.778
-0.442,0.319,0.711
-0.483,0.383,0.761
-0.474,0.451,0.811
-0.467,0.450,0.752
-0.447,0.453,0.765
-0.429,0.465,0.698
-0.425,0.377,0.720
-0.523,0.425,0.756
-0.574,0.424,0.842
-0.414,0.417,0.876
-0.482,0.411,0.907
-0.335,0.383,0.903
-0.370,0.399,0.887
-0.376,0.411,0.871
-0.375,0.397,0.838
-0.390,0.396,0.849
-0.423,0.361,0.874
-0.407,0.319,0.883
-0.400,0.247,0.803
-0.323,0.220,0.793
-0.318,0.209,0.760
-0.348,0.211,0.793
-0.375,0.253,0.865
-0.416,0.280,0.903
-0.410,0.257,0.907
-0.359,0.215,0.876
-0.395,0.206,0.856
-0.414,0.223,0.858
-0.436,0.253,0.908
-0.430,0.217,0.874
-0.429,0.200,0.854
-0.460,0.199,0.892
-0.449,0.195,0.849
-0.468,0.202,0.894
-0.468,0.191,0.877
-0.468,0.184,0.860
-0.445,0.179,0.858
-0.466,0.187,0.857
-0.443,0.205,0.873
-0.460,0.225,0.861
-0.451,0.208,0.854
-0.452,0.207,0.860
-0.463,0.220,0.855
-0.445,0.208,0.856
-0.456,0.202,0.860
-0.482,0.217,0.883

 -,-,-
-0.759,0.376,2.118
-1.149,-0.416,1.018
0.034,-0.386,0.807
-0.004,-0.375,1.195
-0.516,-0.465,1.490
-0.388,-0.374,1.254
-0.287,-0.365,1.422
-0.182,-0.281,1.087
-0.252,-0.387,0.974
0.076,-0.522,0.655
0.521,-0.677,0.304
0.584,-0.854,-0.002
0.860,-1.032,-0.542
1.176,-1.085,-0.910
1.361,-1.331,-1.100
1.505,-1.703,-1.589
1.873,-1.854,-1.530
1.536,-2.541,-1.241
-0.760,-0.803,0.713
1.078,4.000,3.825
0.221,2.809,-3.844
-0.870,-1.164,1.110
0.605,0.299,-0.946
0.261,0.109,-0.329
-0.708,0.548,0.448
0.369,0.809,0.042
0.223,0.169,0.251
0.209,-0.027,0.322
0.085,-0.864,0.087
-0.226,-2.044,-0.100
0.837,-2.631,-0.043
-0.628,-0.908,0.359
-0.620,0.002,1.504
-1.779,-0.228,1.884
-1.088,-0.253,1.544
0.413,1.376,2.483
-0.506,0.315,1.168
-0.589,0.311,1.546
-0.367,0.280,1.090
-0.599,0.128,0.683
-0.282,0.283,1.080
-0.112,0.265,0.971
-0.436,0.397,0.981
-0.343,0.396,0.898
-0.291,0.347,0.808
-0.196,0.431,0.966
-0.296,0.406,0.797
-0.317,0.348,0.895
-0.314,0.385,0.973
-0.378,0.357,0.926
-0.371,0.332,0.962
-0.328,0.240,0.866
-0.300,0.244,0.886
-0.344,0.236,0.901
-0.362,0.192,0.922
-0.307,0.169,0.890
-0.317,0.108,0.830
-0.331,0.126,0.937
-0.333,0.111,0.885
-0.367,0.103,0.850
-0.361,0.130,0.913
-0.331,0.092,0.836
-0.394,0.115,0.884
-0.371,0.115,0.888
-0.401,0.136,0.941
-0.364,0.086,0.838
-0.387,0.116,0.939
-0.369,0.124,0.868
-0.406,0.127,0.935
-0.386,0.159,0.956
-0.414,0.145,0.883
-0.380,0.160,0.974
-0.461,0.157,0.916
-0.377,0.049,0.954
-0.369,0.098,0.913
-0.357,0.099,0.893
-0.378,0.116,0.931
-0.377,0.126,0.927
-0.381,0.146,0.952
-0.382,0.127,0.935
-0.350,0.163,0.936
-0.420,0.122,0.911
-0.377,0.124,0.935
-0.422,0.140,0.918
-0.392,0.123,0.915
-0.403,0.118,0.917
-0.387,0.111,0.906
-0.403,0.111,0.925
-0.406,0.121,0.952
-0.401,0.151,0.958
-0.394,0.128,0.925
-0.383,0.120,0.912
-0.394,0.124,0.902
-0.373,0.085,0.883
-0.389,0.118,0.944
-0.383,0.138,0.933
-0.365,0.108,0.905
-0.352,0.116,0.898
-0.374,0.127,0.910
-0.366,0.108,0.900
