 -,-,-
-0.679,-0.770,1.167
-0.650,-0.717,1.102
-0.622,-0.642,1.035
-0.475,-0.561,0.979
-0.220,-0.599,0.798
-0.013,-0.684,0.654
0.153,-0.654,0.653
0.444,-0.781,0.269
0.858,-0.931,0.036
1.729,-1.499,-0.761
2.805,-2.194,-2.036
2.153,-1.954,-1.773
-0.174,-0.942,0.281
-1.655,2.540,2.440
-4.000,4.000,-2.145
2.166,-0.149,-1.422
0.092,-0.281,1.197
0.201,-0.969,0.920
1.478,-0.916,0.695
-0.145,-0.790,0.575
0.103,-0.865,0.597
0.049,-0.695,0.503
0.178,-0.605,0.450
0.139,-0.573,0.394
-0.037,-0.480,0.372
-0.094,-0.639,0.338
0.063,-0.416,0.392
0.014,-0.744,0.469
0.144,-0.656,0.558
-0.176,-0.914,0.522
0.557,-1.044,0.676
0.566,-0.896,0.733
0.282,-0.755,0.924
-0.021,-0.669,0.934
0.000,-0.862,1.002
-0.251,-0.859,0.928
-0.215,-0.756,1.008
-0.099,-0.858,1.019
-0.151,-0.729,0.967
-0.215,-0.755,0.933
-0.506,-0.629,0.932
-0.198,-0.533,0.994
-0.335,-0.362,0.966
-0.251,-0.440,0.885
-0.305,-0.437,0.703
-0.715,-0.379,0.760
-0.660,-0.306,0.823
-0.441,-0.313,0.859
-0.690,-0.223,0.971
-0.530,-0.223,0.935
-0.559,-0.182,0.977
-0.453,-0.156,0.973
-0.408,-0.170,0.959
-0.476,-0.193,0.921
-0.519,-0.222,0.872
-0.508,-0.205,0.810
-0.478,-0.223,0.781
-0.521,-0.227,0.797
-0.600,-0.247,0.787
-0.562,-0.273,0.771
-0.597,-0.271,0.793
-0.609,-0.279,0.797
-0.621,-0.266,0.820
-0.599,-0.258,0.823
-0.584,-0.276,0.798
-0.593,-0.284,0.787
-0.624,-0.274,0.786
-0.618,-0.250,0.791
-0.629,-0.244,0.797
-0.620,-0.218,0.792
-0.615,-0.204,0.804
-0.520,-0.187,0.789
-0.204,-0.149,0.872
-0.685,-0.053,0.502
-1.300,-0.157,0.314
-1.296,-0.162,0.343
-1.078,-0.168,0.393
-0.809,-0.136,0.468
-0.681,-0.064,0.673
-0.651,-0.063,0.732
-0.725,-0.124,0.667
-0.841,-0.130,0.645
-0.747,-0.147,0.629
-0.747,-0.132,0.638
-0.791,-0.137,0.626
-0.776,-0.147,0.615
-0.799,-0.142,0.621
-0.815,-0.147,0.614
-0.821,-0.178,0.603
-0.865,-0.189,0.577
-0.799,-0.161,0.492
-0.768,-0.165,0.501
-0.892,-0.196,0.552
-1.212,-0.051,0.661
-0.949,0.095,0.776
-0.434,-0.034,0.837
-0.479,-0.153,0.774
-0.641,-0.166,0.766
-0.659,-0.114,0.767
-0.643,-0.097,0.726

 -,-,-
-0.301,-0.489,0.816
-0.329,-0.526,0.801
-0.326,-0.541,0.691
-0.499,-0.572,0.685
0.041,-0.350,0.907
-0.635,-0.433,0.863
-0.589,-0.632,0.711
-0.479,-0.615,0.588
-0.423,-0.527,0.719
-0.329,-0.498,0.766
-0.249,-0.515,0.738
-0.430,-0.526,0.808
-0.319,-0.518,0.854
-0.298,-0.517,0.876
-0.271,-0.504,0.853
-0.304,-0.467,0.898
-0.295,-0.482,0.870
-0.352,-0.470,0.841
-0.415,-0.524,0.839
-0.371,-0.555,0.853
-0.371,-0.576,0.931
-0.349,-0.643,1.098
-0.304,-0.702,1.155
-0.263,-0.719,1.165
-0.174,-0.789,1.191
-0.096,-0.810,1.077
0.052,-0.859,0.995
0.373,-0.907,0.815
0.757,-1.162,0.443
1.359,-1.599,-0.108
2.230,-2.187,-1.707
2.275,-1.944,-1.843
0.741,-1.206,-0.424
-1.556,0.773,0.278
3.096,4.000,-3.933
2.474,-1.263,-1.066
-0.198,-0.678,1.228
-0.051,-0.950,0.077
1.194,-0.880,0.374
0.402,-0.864,0.403
0.127,-0.886,0.325
0.059,-0.835,0.363
0.096,-0.730,0.457
0.139,-0.659,0.507
0.121,-0.618,0.553
0.232,-0.655,0.517
0.257,-0.544,0.608
0.051,-0.517,0.771
-0.079,-0.550,0.850
-0.185,-0.301,0.888
0.468,-0.742,0.938
0.399,-0.708,0.791
0.373,-0.797,0.923
-0.161,-0.834,0.824
-0.112,-0.729,0.923
0.093,-0.908,0.973
-0.134,-0.720,0.954
-0.047,-0.677,0.905
-0.218,-0.736,0.840
0.085,-0.826,0.914
-0.192,-0.674,0.875
-0.362,-0.671,0.852
-0.207,-0.643,0.896
-0.384,-0.512,0.876
-0.246,-0.493,0.803
-0.193,-0.492,0.757
-0.477,-0.497,0.905
-0.451,-0.492,0.881
-0.420,-0.441,0.977
-0.474,-0.363,1.069
-0.281,-0.374,0.966
-0.265,-0.434,1.029
-0.348,-0.371,0.978
-0.336,-0.424,0.943
-0.303,-0.376,0.931
-0.314,-0.414,0.874
-0.343,-0.441,0.815
-0.283,-0.484,0.744
-0.375,-0.494,0.735
-0.418,-0.518,0.723
-0.352,-0.557,0.703
-0.443,-0.589,0.772
-0.463,-0.610,0.807
-0.409,-0.570,0.804
-0.363,-0.535,0.798
-0.347,-0.541,0.687
-0.396,-0.679,0.596
-0.419,-0.724,0.623
-0.519,-0.723,0.592
-0.573,-0.662,0.660
-0.493,-0.620,0.623
-0.589,-0.560,0.681
-0.508,-0.568,0.767
-0.474,-0.552,0.731
-0.418,-0.603,0.714
-0.417,-0.636,0.653
-0.433,-0.650,0.629
-0.484,-0.605,0.650
-0.498,-0.584,0.627
-0.407,-0.619,0.567

 -,-,-
-2.530,-1.422,0.233
-0.708,-0.218,0.665
-0.693,-0.220,0.427
-0.670,-0.276,0.555
-0.873,-0.299,0.529
-0.880,-0.387,0.483
-0.636,-0.323,0.697
-0.624,-0.361,0.667
-0.543,-0.295,0.972
-0.590,-0.424,0.830
-0.868,-0.508,0.786
-0.757,-0.371,0.857
-0.711,-0.354,0.697
-0.557,-0.328,0.780
-0.491,-0.307,0.761
-0.448,-0.365,0.698
-0.379,-0.245,0.831
-0.442,-0.311,0.716
-0.441,-0.202,0.801
-0.599,-0.315,0.844
-0.673,-0.440,0.964
-0.487,-0.478,0.987
-0.419,-0.478,1.055
-0.497,-0.524,1.058
-0.379,-0.583,1.182
-0.338,-0.627,1.168
-0.240,-0.669,1.194
-0.108,-0.710,1.192
0.063,-0.765,1.056
0.426,-0.806,0.903
0.632,-0.941,0.511
0.893,-1.000,-0.005
1.568,-1.389,-0.925
2.544,-1.865,-2.354
1.217,-1.786,-1.482
-0.636,-0.650,0.038
-4.000,1.816,-0.157
-1.197,1.957,-0.259
1.507,-0.873,-1.025
-0.625,-1.056,0.583
1.351,-0.799,0.436
1.353,-0.797,0.524
0.118,-0.890,0.499
-0.148,-0.764,0.585
0.005,-0.702,0.602
0.227,-0.751,0.616
0.262,-0.574,0.656
0.081,-0.744,0.541
0.078,-0.617,0.533
0.431,-0.619,0.552
0.111,-0.664,0.519
0.303,-0.959,0.627
0.046,-0.254,0.505
1.172,-0.627,0.666
-0.090,-0.462,0.635
0.145,-0.588,0.849
0.172,-0.487,0.915
0.188,-0.632,0.995
0.058,-0.554,1.094
0.022,-0.607,1.077
-0.052,-0.593,1.065
-0.151,-0.692,1.090
-0.085,-0.637,1.053
-0.119,-0.549,1.072
-0.302,-0.580,0.986
-0.246,-0.459,0.927
-0.195,-0.497,0.838
-0.340,-0.502,0.889
-0.420,-0.530,0.934
-0.460,-0.467,1.008
-0.381,-0.465,0.994
-0.531,-0.384,1.053
-0.387,-0.331,0.970
-0.295,-0.324,0.870
-0.400,-0.307,0.805
-0.561,-0.358,0.747
-0.679,-0.367,0.707
-0.645,-0.379,0.701
-0.563,-0.411,0.766
-0.465,-0.400,0.810
-0.415,-0.385,0.836
-0.480,-0.385,0.818
-0.528,-0.373,0.808
-0.539,-0.383,0.811
-0.482,-0.387,0.776
-0.571,-0.355,0.794
-0.556,-0.358,0.785
-0.560,-0.338,0.793
-0.554,-0.331,0.802
-0.608,-0.318,0.824
-0.538,-0.325,0.817
-0.547,-0.351,0.810
-0.621,-0.318,0.817
-0.616,-0.299,0.842
-0.574,-0.296,0.807
-0.643,-0.272,0.791
-0.576,-0.253,0.769
-0.506,-0.248,0.742
-0.616,-0.192,0.828
-0.564,-0.168,0.851

 -,-,-
1.656,-1.781,-1.479
1.983,-2.301,-2.208
0.636,-1.757,-0.737
-0.833,-0.857,0.074
2.489,4.000,-2.902
0.114,0.009,-0.969
0.245,-1.059,1.582
0.492,-0.787,0.530
1.324,-0.987,0.597
0.050,-0.764,0.588
-0.020,-0.799,0.579
0.105,-0.743,0.672
0.231,-0.633,0.687
-0.062,-0.550,0.502
0.018,-0.606,0.528
0.068,-0.570,0.427
0.344,-0.690,0.565
0.051,-0.301,0.471
-0.032,-0.492,0.537
0.473,-0.234,0.682
0.200,-0.588,0.685
0.208,-0.177,0.877
-0.040,-0.525,0.861
0.012,-0.146,1.034
0.677,-0.667,1.123
-0.186,-0.208,1.202
-0.312,-0.425,1.369
-0.497,-0.336,1.416
-0.204,-0.392,1.498
-0.358,-0.349,1.431
-0.230,-0.198,1.322
-0.100,-0.195,1.214
-0.280,-0.232,1.069
-0.384,-0.194,1.025
-0.506,-0.051,1.068
-0.137,-0.097,1.057
-0.369,-0.100,1.033
-0.259,-0.162,1.087
-0.504,-0.021,1.037
-0.302,-0.231,1.097
-0.226,-0.290,1.094
-0.335,-0.257,1.067
-0.176,-0.371,1.022
-0.127,-0.383,0.961
-0.294,-0.337,0.907
-0.150,-0.302,0.840
-0.117,-0.369,0.763
-0.195,-0.358,0.728
-0.204,-0.458,0.680
-0.258,-0.413,0.757
-0.148,-0.449,0.805
-0.068,-0.494,0.826
-0.125,-0.493,0.872
-0.155,-0.492,0.865
-0.214,-0.491,0.892
-0.136,-0.526,0.809
-0.286,-0.515,0.909
-0.282,-0.531,0.903
-0.298,-0.512,0.856
-0.343,-0.470,0.853
-0.328,-0.450,0.854
-0.270,-0.448,0.844
-0.257,-0.436,0.837
-0.256,-0.426,0.884
-0.258,-0.470,0.851
-0.384,-0.500,0.890
-0.379,-0.464,0.924
-0.321,-0.421,0.916
-0.314,-0.444,0.901
-0.411,-0.448,0.899
-0.321,-0.411,0.861
-0.325,-0.405,0.861
-0.293,-0.345,0.897
-0.282,-0.459,0.876
-0.389,-0.453,0.857
-0.423,-0.433,0.858
-0.387,-0.417,0.882
-0.406,-0.401,0.892
-0.375,-0.394,0.859
-0.328,-0.470,0.799
-0.411,-0.430,0.807
-0.432,-0.384,0.830
-0.328,-0.432,0.789
-0.389,-0.435,0.783
-0.385,-0.377,0.800
-0.477,-0.350,0.845
-0.386,-0.338,0.952
-0.318,-0.384,0.979
-0.375,-0.358,0.966
-0.367,-0.340,0.947
-0.374,-0.330,0.940
-0.359,-0.333,0.923
-0.370,-0.314,0.936
-0.361,-0.293,0.913
-0.324,-0.333,0.888
-0.368,-0.332,0.885
-0.375,-0.326,0.877
-0.375,-0.328,0.881
-0.402,-0.347,0.868
-0.351,-0.360,0.863

 -,-,-
-1.008,-0.406,0.791
-0.421,-0.443,0.938
-0.366,-0.377,0.833
-0.195,-0.407,0.811
-0.318,-0.408,0.767
-0.435,-0.304,0.879
-0.498,-0.409,0.755
-0.300,-0.383,0.825
-0.291,-0.425,0.930
-0.278,-0.449,0.866
-0.226,-0.417,0.964
-0.291,-0.434,0.911
-0.352,-0.436,0.884
-0.305,-0.432,0.889
-0.294,-0.465,0.904
-0.252,-0.445,1.056
-0.251,-0.560,1.094
-0.238,-0.592,1.209
-0.146,-0.628,1.264
-0.137,-0.599,1.194
-0.038,-0.582,1.078
0.059,-0.648,1.025
0.138,-0.728,0.911
0.457,-0.819,0.726
0.732,-1.048,0.469
1.021,-1.411,-0.234
1.159,-1.539,-0.883
2.151,-1.975,-2.348
0.867,-1.833,-1.346
-0.218,-1.081,-0.616
-3.825,1.019,-2.722
-3.962,1.642,-0.262
1.173,-1.044,-1.184
-1.596,-0.151,0.788
2.301,-0.731,0.703
0.783,-0.661,0.432
-0.081,-0.848,0.502
0.103,-0.822,0.512
0.326,-0.791,0.600
0.354,-0.703,0.574
0.197,-0.602,0.539
-0.069,-0.533,0.538
0.278,-0.458,0.618
0.290,-0.435,0.640
-0.097,-0.302,0.710
0.043,-0.406,0.839
0.059,-0.610,0.869
0.266,-0.425,0.989
-0.027,-0.574,0.941
0.038,-0.576,0.993
-0.030,-0.552,0.964
0.023,-0.330,1.043
0.047,-0.621,1.052
-0.138,-0.581,0.941
-0.422,-0.658,0.854
-0.630,-0.729,0.747
-0.590,-0.537,0.849
-0.203,-0.672,1.002
-0.419,-0.600,0.935
-0.615,-0.581,1.000
-0.496,-0.495,1.010
-0.478,-0.543,1.057
-0.629,-0.225,0.971
-0.537,-0.336,0.942
-0.295,-0.286,0.988
-0.442,-0.332,0.918
-0.562,-0.289,0.959
-0.399,-0.347,0.922
-0.422,-0.366,0.953
-0.410,-0.372,0.867
-0.394,-0.357,0.847
-0.358,-0.331,0.766
-0.136,-0.409,0.509
-0.635,-0.338,0.934
-0.450,-0.405,0.881
-0.587,-0.414,0.790
-0.432,-0.336,0.890
-0.213,-0.398,0.887
-0.323,-0.414,0.812
-0.374,-0.419,0.856
-0.393,-0.474,0.821
-0.451,-0.401,0.871
-0.460,-0.397,0.785
-0.537,-0.364,0.959
-0.381,-0.432,0.889
-0.441,-0.438,0.840
-0.407,-0.410,0.806
-0.332,-0.387,0.814
-0.409,-0.336,0.865
-0.404,-0.344,0.878
-0.379,-0.362,0.919
-0.392,-0.377,0.897
-0.372,-0.378,0.881
-0.391,-0.395,0.877
-0.393,-0.376,0.857
-0.425,-0.392,0.845
-0.469,-0.376,0.849
-0.415,-0.407,0.817
-0.432,-0.409,0.838
-0.458,-0.410,0.856

 -,-,-
-2.754,-0.258,-0.134
-1.476,-0.325,0.329
-1.456,-0.592,0.072
-1.241,-0.428,0.331
-1.036,-0.546,0.212
-1.232,-0.580,0.239
-1.267,-0.592,0.432
-1.245,-0.521,0.313
-0.523,-0.636,0.802
-0.693,-0.824,0.904
-0.125,-0.998,0.944
0.781,-0.822,0.739
0.376,-0.655,0.206
0.210,-0.379,-0.169
-0.422,-0.186,-0.235
-0.822,0.393,0.390
-0.321,0.105,0.546
0.149,-0.405,0.160
-0.076,-0.631,0.063
-0.210,-0.659,0.376
-0.213,-0.828,0.591
-0.395,-0.785,0.720
-0.616,-0.729,0.771
-0.829,-0.805,0.995
-0.656,-0.805,0.958
-0.544,-0.628,0.937
-0.517,-0.569,0.912
-0.292,-0.628,0.864
-0.299,-0.630,0.838
-0.348,-0.621,0.771
-0.430,-0.641,0.837
-0.278,-0.564,0.834
-0.178,-0.550,0.805
-0.262,-0.548,0.893
-0.452,-0.505,0.933
-0.238,-0.455,0.877
-0.012,-0.491,0.849
-0.145,-0.493,0.826
-0.318,-0.450,0.813
-0.237,-0.437,0.826
-0.243,-0.406,0.883
-0.286,-0.361,0.892
-0.298,-0.382,0.877
-0.361,-0.417,0.877
-0.369,-0.434,0.871
-0.362,-0.441,0.859
-0.426,-0.465,0.889
-0.462,-0.453,0.858
-0.467,-0.453,0.892
-0.406,-0.463,0.896
-0.441,-0.461,0.894
-0.468,-0.450,0.924
-0.437,-0.434,0.877
-0.418,-0.397,0.878
-0.375,-0.368,0.839
-0.316,-0.379,0.818
-0.377,-0.386,0.818
-0.385,-0.387,0.846
-0.388,-0.379,0.875
-0.359,-0.383,0.888
-0.381,-0.392,0.876
-0.413,-0.377,0.886
-0.409,-0.364,0.872
-0.398,-0.386,0.849
-0.417,-0.388,0.844
-0.440,-0.372,0.843
-0.409,-0.391,0.855
-0.422,-0.395,0.844
-0.400,-0.406,0.840
-0.438,-0.392,0.843
-0.434,-0.400,0.841
-0.458,-0.407,0.840
-0.440,-0.418,0.839
-0.470,-0.401,0.850
-0.434,-0.398,0.849
-0.445,-0.390,0.854
-0.433,-0.376,0.871
-0.417,-0.372,0.857
-0.425,-0.380,0.856
-0.417,-0.373,0.844
-0.428,-0.370,0.855
-0.429,-0.382,0.844
-0.430,-0.388,0.840
-0.456,-0.380,0.839
-0.477,-0.373,0.849
-0.479,-0.379,0.824
-0.469,-0.383,0.816
-0.509,-0.360,0.809
-0.500,-0.352,0.809
-0.488,-0.328,0.813
-0.467,-0.326,0.815
-0.462,-0.298,0.859
-0.427,-0.292,0.878
-0.417,-0.296,0.883
-0.450,-0.303,0.903
-0.470,-0.297,0.916
-0.458,-0.293,0.908
-0.452,-0.305,0.886
-0.474,-0.304,0.882
-0.482,-0.322,0.848

 -,-,-
1.689,-1.883,-1.676
2.094,-2.154,-2.610
1.072,-1.833,-2.060
-0.469,0.255,0.523
3.779,4.000,-2.187
-3.857,0.723,-2.469
0.864,0.800,0.018
1.019,-1.036,-0.170
0.519,0.021,0.455
0.615,-0.684,0.339
0.295,-1.296,0.222
0.414,-1.065,0.637
0.291,-0.827,0.672
0.274,-0.297,0.691
0.490,0.114,1.050
0.224,-0.003,1.039
0.249,-0.069,1.009
0.477,-0.125,1.045
0.099,-0.285,1.196
0.094,-0.492,1.327
-0.077,-0.457,1.284
0.020,-0.495,1.282
0.056,-0.419,1.230
-0.087,-0.325,1.215
0.170,-0.263,1.171
0.047,-0.354,1.106
-0.216,-0.219,1.001
-0.244,-0.339,1.097
-0.251,-0.299,1.045
-0.271,-0.431,1.005
-0.251,-0.260,1.092
-0.255,-0.205,1.025
-0.273,-0.223,0.989
-0.400,-0.144,1.034
-0.309,-0.167,0.998
-0.242,-0.193,0.954
-0.299,-0.150,0.977
-0.193,-0.203,0.935
-0.176,-0.206,0.930
-0.246,-0.160,0.969
-0.198,-0.194,0.944
-0.215,-0.210,0.968
-0.301,-0.197,0.992
-0.246,-0.221,1.010
-0.269,-0.220,1.009
-0.298,-0.217,1.005
-0.302,-0.195,0.973
-0.256,-0.192,0.926
-0.271,-0.177,0.937
-0.282,-0.154,0.960
-0.262,-0.191,0.954
-0.300,-0.199,0.971
-0.302,-0.214,0.967
-0.322,-0.218,0.949
-0.324,-0.226,0.984
-0.299,-0.237,0.963
-0.391,-0.187,0.981
-0.296,-0.187,0.961
-0.307,-0.195,0.925
-0.332,-0.199,0.917
-0.313,-0.229,0.933
-0.345,-0.199,0.936
-0.306,-0.216,0.930
-0.320,-0.226,0.935
-0.343,-0.196,0.955
-0.283,-0.204,0.972
-0.290,-0.222,0.956
-0.293,-0.234,0.970
-0.310,-0.219,0.979
-0.265,-0.224,0.972
-0.284,-0.229,0.971
-0.288,-0.227,0.946
-0.288,-0.225,0.956
-0.277,-0.219,0.955
-0.259,-0.237,0.962
-0.302,-0.215,0.981
-0.259,-0.247,1.013
-0.223,-0.219,0.989
-0.214,-0.210,0.936
-0.239,-0.251,0.993
-0.240,-0.240,0.974
-0.229,-0.236,0.931
-0.267,-0.283,0.904
-0.297,-0.295,0.881
-0.314,-0.271,0.926
-0.293,-0.243,0.961
-0.259,-0.206,1.000
-0.169,-0.214,0.984
-0.133,-0.252,0.965
-0.186,-0.319,0.927
-0.205,-0.377,0.907
-0.230,-0.375,0.914
-0.330,-0.301,0.974
-0.224,-0.259,0.986
-0.196,-0.310,0.937
-0.332,-0.291,0.915
-0.283,-0.293,0.897
-0.226,-0.281,0.925
-0.246,-0.278,0.927
-0.250,-0.301,0.922

 -,-,-
-0.603,-0.573,1.848
-0.385,-0.723,1.835
-0.152,-0.815,1.667
-0.045,-0.945,1.479
0.159,-1.140,1.125
0.540,-1.358,0.836
0.960,-1.497,0.401
1.375,-1.959,-0.630
1.778,-2.309,-1.824
0.680,-1.329,-0.914
-0.318,0.703,-0.091
0.035,4.000,-3.957
2.403,-0.817,-0.310
2.063,-1.457,-0.317
-1.994,-0.083,0.124
0.940,-1.089,-0.032
0.912,-1.044,0.484
0.472,-1.226,0.303
-0.027,-1.019,0.497
0.207,-0.768,0.811
0.167,-0.628,0.694
-0.273,-0.174,0.775
1.111,-0.753,0.840
-0.266,-0.322,0.666
0.296,-0.474,0.777
0.350,-0.827,0.828
-0.125,-0.579,0.838
0.152,-0.760,0.984
-0.073,-0.509,0.980
0.057,-0.554,1.093
0.115,-0.513,1.007
0.041,-0.503,1.111
-0.301,-0.505,1.109
-0.401,-0.479,1.031
-0.519,-0.470,1.057
-0.502,-0.485,1.011
-0.403,-0.470,0.947
-0.300,-0.415,0.993
-0.553,-0.295,0.984
-0.592,-0.229,1.012
-0.568,-0.200,1.030
-0.456,-0.162,0.905
-0.442,-0.122,0.992
-0.410,-0.136,0.946
-0.418,-0.123,0.885
-0.361,-0.130,0.912
-0.243,-0.177,0.890
-0.333,-0.188,0.891
-0.431,-0.180,0.916
-0.392,-0.219,0.926
-0.350,-0.254,0.986
-0.410,-0.286,0.973
-0.338,-0.354,0.906
-0.318,-0.378,0.891
-0.498,-0.323,0.893
-0.404,-0.314,0.867
-0.338,-0.342,0.860
-0.417,-0.327,0.887
-0.449,-0.283,0.876
-0.330,-0.291,0.868
-0.384,-0.290,0.869
-0.417,-0.303,0.874
-0.388,-0.288,0.899
-0.441,-0.239,0.895
-0.394,-0.261,0.909
-0.422,-0.297,0.923
-0.443,-0.303,0.896
-0.407,-0.288,0.944
-0.401,-0.282,0.924
-0.393,-0.258,0.923
-0.375,-0.248,0.931
-0.345,-0.249,0.903
-0.352,-0.242,0.926
-0.308,-0.248,0.894
-0.333,-0.265,0.917
-0.346,-0.262,0.924
-0.321,-0.279,0.911
-0.335,-0.284,0.925
-0.329,-0.281,0.922
-0.330,-0.293,0.902
-0.319,-0.295,0.905
-0.384,-0.275,0.930
-0.363,-0.266,0.921
-0.357,-0.293,0.914
-0.377,-0.280,0.908
-0.361,-0.279,0.911
-0.372,-0.305,0.895
-0.382,-0.293,0.868
-0.422,-0.295,0.908
-0.434,-0.293,0.920
-0.413,-0.271,0.918
-0.422,-0.269,0.935
-0.382,-0.262,0.910
-0.375,-0.247,0.896
-0.365,-0.263,0.895
-0.355,-0.265,0.911
-0.367,-0.245,0.927
-0.378,-0.259,0.936
-0.407,-0.264,0.928
-0.392,-0.253,0.909

 -,-,-
-1.928,-0.034,0.931
-0.803,-0.336,0.724
-0.860,-0.580,0.529
1.164,-0.161,1.116
-1.524,-0.231,1.281
-0.662,-0.503,1.179
-0.530,-0.398,1.380
-0.638,-0.340,1.505
-0.570,-0.383,1.317
-0.171,-0.528,1.229
0.025,-0.711,1.363
0.094,-0.831,0.955
0.673,-1.084,0.356
1.300,-1.535,-0.316
2.484,-2.228,-1.479
1.769,-2.337,-1.751
0.473,-1.781,-0.839
-0.495,0.328,-0.020
-0.458,4.000,-2.718
-0.789,-0.049,-1.394
0.384,0.252,1.708
1.116,-1.403,-0.694
0.402,-0.693,-0.014
0.126,-0.277,0.290
0.477,-1.097,0.128
-0.149,-0.788,0.085
0.143,-0.819,0.475
0.020,-0.459,0.580
-0.142,-0.636,0.811
0.066,-0.564,0.950
0.163,-0.573,0.991
-0.117,-0.625,1.036
0.012,-0.775,0.954
-0.051,-0.833,1.139
-0.075,-0.585,1.236
-0.014,-0.647,1.183
-0.406,-0.538,1.114
-0.448,-0.603,1.089
-0.244,-0.566,1.072
-0.191,-0.551,1.051
-0.367,-0.498,1.025
-0.499,-0.532,0.994
-0.308,-0.430,1.080
-0.400,-0.401,1.090
-0.407,-0.328,1.008
-0.536,-0.259,0.977
-0.370,-0.228,0.903
-0.352,-0.155,0.948
-0.330,-0.154,0.918
-0.181,-0.215,0.798
-0.300,-0.191,0.855
-0.351,-0.189,0.854
-0.229,-0.275,0.884
-0.296,-0.351,0.948
-0.314,-0.378,0.907
-0.321,-0.391,0.886
-0.322,-0.408,0.904
-0.423,-0.368,0.905
-0.427,-0.349,0.890
-0.446,-0.346,0.913
-0.452,-0.343,0.884
-0.444,-0.366,0.884
-0.460,-0.332,0.874
-0.408,-0.365,0.853
-0.418,-0.381,0.851
-0.476,-0.368,0.869
-0.416,-0.341,0.858
-0.430,-0.336,0.885
-0.444,-0.316,0.898
-0.455,-0.277,0.908
-0.445,-0.277,0.879
-0.362,-0.339,0.883
-0.297,-0.357,0.861
-0.478,-0.224,0.852
-0.446,-0.303,0.903
-0.425,-0.252,0.915
-0.389,-0.273,0.912
-0.379,-0.258,0.918
-0.344,-0.245,0.897
-0.288,-0.270,0.877
-0.357,-0.280,0.887
-0.332,-0.273,0.892
-0.360,-0.306,0.890
-0.421,-0.298,0.912
-0.428,-0.297,0.915
-0.429,-0.329,0.882
-0.455,-0.319,0.885
-0.441,-0.302,0.899
-0.408,-0.301,0.872
-0.427,-0.304,0.851
-0.412,-0.275,0.882
-0.384,-0.289,0.913
-0.371,-0.266,0.938
-0.349,-0.230,0.950
-0.332,-0.266,0.919
-0.360,-0.260,0.912
-0.366,-0.253,0.896
-0.378,-0.269,0.884
-0.384,-0.298,0.857
-0.399,-0.318,0.857

 -,-,-
-0.569,-0.599,1.596
-0.354,-0.730,1.241
0.185,-0.892,1.009
0.319,-1.042,0.793
0.583,-1.157,0.387
0.924,-1.490,-0.225
1.334,-1.827,-1.135
1.871,-2.168,-2.370
0.551,-1.916,-1.497
0.545,-1.170,-0.407
-0.298,0.815,-0.126
-1.718,4.000,-1.936
0.863,-1.898,-0.272
-0.209,0.872,0.098
1.144,-1.175,-0.094
0.245,-0.135,0.131
0.557,-0.554,0.362
0.203,-1.400,-0.077
0.382,-1.111,0.054
0.609,-0.793,0.324
0.323,-0.442,0.496
0.344,-0.325,0.749
0.075,-0.443,0.869
0.138,-0.535,0.923
-0.040,-0.543,1.031
0.158,-0.684,0.940
-0.040,-0.888,0.980
0.183,-0.704,1.110
0.006,-0.959,1.068
0.243,-0.786,1.105
-0.238,-0.527,1.033
-0.395,-0.521,1.123
-0.337,-0.550,1.096
-0.359,-0.427,1.040
-0.536,-0.396,1.166
-0.472,-0.302,1.182
-0.360,-0.287,1.084
-0.378,-0.291,1.046
-0.380,-0.278,1.029
-0.315,-0.210,1.001
-0.296,-0.218,1.009
-0.397,-0.144,1.030
-0.251,-0.160,0.978
-0.238,-0.109,0.958
-0.194,-0.155,0.869
-0.256,-0.166,0.817
-0.305,-0.164,0.830
-0.215,-0.231,0.855
-0.380,-0.223,0.983
-0.445,-0.247,0.899
-0.325,-0.309,0.866
-0.403,-0.301,0.874
-0.380,-0.329,0.842
-0.432,-0.333,0.867
-0.512,-0.312,0.868
-0.440,-0.356,0.888
-0.538,-0.324,0.927
-0.417,-0.314,0.954
-0.372,-0.275,0.983
-0.445,-0.274,0.969
-0.442,-0.288,0.931
-0.412,-0.256,0.932
-0.381,-0.239,0.888
-0.380,-0.249,0.855
-0.401,-0.256,0.877
-0.404,-0.247,0.886
-0.424,-0.254,0.887
-0.430,-0.259,0.896
-0.434,-0.231,0.929
-0.401,-0.214,0.948
-0.355,-0.220,0.933
-0.323,-0.248,0.912
-0.357,-0.252,0.899
-0.341,-0.251,0.908
-0.370,-0.276,0.894
-0.388,-0.294,0.867
-0.403,-0.309,0.857
-0.437,-0.350,0.856
-0.478,-0.330,0.870
-0.462,-0.289,0.897
-0.411,-0.303,0.898
-0.431,-0.305,0.892
-0.410,-0.287,0.911
-0.400,-0.276,0.908
-0.413,-0.252,0.930
-0.383,-0.255,0.914
-0.393,-0.240,0.901
-0.398,-0.247,0.905
-0.388,-0.250,0.892
-0.377,-0.264,0.887
-0.368,-0.282,0.884
-0.387,-0.267,0.896
-0.377,-0.269,0.904
-0.409,-0.276,0.910
-0.389,-0.276,0.924
-0.396,-0.273,0.921
-0.406,-0.268,0.911
-0.406,-0.276,0.903
-0.391,-0.279,0.894
-0.382,-0.285,0.884

 -,-,-
0.727,-1.440,-0.220
1.251,-1.888,-1.008
1.877,-2.069,-1.513
1.907,-2.144,-2.125
0.682,-1.673,-1.161
-1.005,0.832,1.230
1.309,4.000,-2.809
0.095,0.352,0.000
0.754,-0.529,-0.815
-1.244,-0.067,0.719
1.004,-1.311,-0.031
0.320,-0.526,0.140
0.294,-1.039,0.247
0.228,-1.095,0.298
0.312,-1.024,0.669
0.201,-0.821,0.732
0.026,-0.610,0.893
0.233,-0.654,0.971
-0.062,-0.630,0.971
-0.288,-0.506,0.942
0.035,-0.601,0.964
0.145,-0.503,0.888
0.731,-0.419,0.647
0.143,-0.703,0.849
-0.453,-0.703,0.858
0.043,-0.771,0.920
0.107,-0.741,0.955
-0.156,-0.579,0.888
-0.300,-0.584,1.003
-0.146,-0.649,0.997
-0.090,-0.577,0.966
-0.193,-0.622,0.978
-0.198,-0.591,0.956
-0.197,-0.495,0.943
-0.307,-0.465,0.999
0.015,-0.482,0.888
-0.283,-0.408,1.014
-0.245,-0.351,0.956
-0.066,-0.395,0.910
-0.103,-0.386,0.989
-0.105,-0.401,0.950
-0.050,-0.380,0.946
0.030,-0.409,0.938
-0.166,-0.434,0.880
-0.164,-0.421,0.864
-0.058,-0.450,0.860
-0.101,-0.493,0.858
-0.248,-0.499,0.882
-0.144,-0.504,0.863
-0.200,-0.516,0.857
-0.132,-0.555,0.819
-0.261,-0.538,0.877
-0.308,-0.492,0.914
-0.199,-0.485,0.923
-0.155,-0.484,0.964
-0.231,-0.473,0.921
-0.147,-0.507,0.856
-0.277,-0.481,0.888
-0.265,-0.462,0.868
-0.208,-0.442,0.854
-0.240,-0.451,0.896
-0.193,-0.444,0.875
-0.145,-0.458,0.870
-0.225,-0.459,0.880
-0.208,-0.430,0.912
-0.161,-0.448,0.903
-0.217,-0.458,0.896
-0.208,-0.432,0.878
-0.177,-0.456,0.864
-0.244,-0.451,0.887
-0.244,-0.447,0.891
-0.221,-0.474,0.866
-0.240,-0.482,0.868
-0.246,-0.473,0.867
-0.254,-0.462,0.870
-0.241,-0.495,0.855
-0.260,-0.474,0.866
-0.243,-0.472,0.845
-0.259,-0.471,0.835
-0.281,-0.470,0.862
-0.272,-0.479,0.872
-0.265,-0.474,0.899
-0.261,-0.462,0.917
-0.250,-0.462,0.918
-0.257,-0.459,0.908
-0.240,-0.448,0.877
-0.239,-0.438,0.883
-0.267,-0.435,0.897
-0.269,-0.421,0.887
-0.260,-0.426,0.860
-0.276,-0.420,0.884
-0.251,-0.416,0.899
-0.250,-0.409,0.908
-0.240,-0.410,0.892
-0.247,-0.411,0.883
-0.286,-0.407,0.888
-0.275,-0.405,0.887
-0.286,-0.432,0.875
-0.283,-0.420,0.873
-0.272,-0.422,0.890

 -,-,-
1.673,-1.646,-1.757
2.197,-1.881,-2.844
1.489,-2.166,-1.798
-0.376,-1.121,-0.138
-1.944,1.283,-0.288
-0.423,3.982,-0.470
1.867,0.105,-0.688
0.569,-0.823,0.026
-0.488,-0.628,0.257
1.554,-0.763,0.330
0.633,-1.192,0.021
0.153,-1.002,-0.057
0.171,-0.926,0.131
0.159,-0.735,0.293
0.177,-0.499,0.596
0.182,-0.691,0.751
0.152,-0.659,0.762
-0.043,-0.695,0.755
0.022,-0.581,0.826
-0.047,-0.738,0.821
-0.090,-0.627,0.920
0.240,-0.893,1.029
-0.294,-0.563,0.962
0.074,-0.882,1.032
-0.214,-0.688,1.061
-0.191,-0.511,1.106
-0.308,-0.516,1.094
-0.419,-0.510,1.038
-0.435,-0.458,1.080
-0.420,-0.379,1.046
-0.307,-0.362,1.025
-0.427,-0.335,1.042
-0.525,-0.270,1.087
-0.480,-0.177,0.983
-0.332,-0.198,1.043
-0.374,-0.173,0.953
-0.279,-0.234,0.879
-0.401,-0.142,0.967
-0.297,-0.135,0.914
-0.227,-0.170,0.937
-0.235,-0.206,0.907
-0.308,-0.221,0.864
-0.283,-0.230,1.042
-0.263,-0.239,0.948
-0.298,-0.285,0.885
-0.333,-0.309,0.912
-0.351,-0.289,0.950
-0.374,-0.291,0.946
-0.387,-0.269,0.956
-0.413,-0.201,0.958
-0.314,-0.230,0.929
-0.308,-0.255,0.880
-0.399,-0.184,0.896
-0.353,-0.186,0.876
-0.312,-0.247,0.899
-0.377,-0.252,0.974
-0.511,-0.194,0.985
-0.384,-0.154,1.004
-0.322,-0.165,1.006
-0.344,-0.164,0.948
-0.336,-0.146,1.005
-0.258,-0.170,0.975
-0.292,-0.204,1.001
-0.374,-0.159,1.056
-0.278,-0.088,0.991
-0.172,-0.117,0.849
-0.339,-0.160,0.844
-0.274,-0.155,0.823
-0.257,-0.163,0.896
-0.291,-0.193,0.896
-0.315,-0.255,0.873
-0.356,-0.275,0.930
-0.381,-0.216,0.920
-0.369,-0.253,0.928
-0.431,-0.233,0.962
-0.431,-0.221,0.970
-0.420,-0.212,0.976
-0.449,-0.238,0.953
-0.403,-0.219,0.936
-0.419,-0.192,0.921
-0.368,-0.196,0.885
-0.399,-0.170,0.915
-0.385,-0.162,0.893
-0.399,-0.166,0.913
-0.388,-0.155,0.918
-0.360,-0.176,0.902
-0.365,-0.249,0.890
-0.426,-0.243,0.939
-0.408,-0.169,0.963
-0.387,-0.208,0.914
-0.407,-0.254,0.908
-0.441,-0.226,0.902
-0.421,-0.214,0.900
-0.418,-0.229,0.901
-0.416,-0.217,0.897
-0.415,-0.230,0.891
-0.427,-0.235,0.903
-0.441,-0.207,0.912
-0.432,-0.188,0.926
-0.434,-0.204,0.905

 -,-,-
-0.674,-0.667,0.939
-0.378,-0.602,1.003
-0.402,-0.432,0.826
0.037,-0.296,1.277
-1.168,-0.190,1.034
-0.687,-0.504,0.518
-0.094,-0.335,0.711
-0.043,-0.600,0.677
0.034,-0.828,0.572
0.524,-0.959,0.668
0.556,-1.089,0.275
0.798,-1.364,-0.270
0.780,-1.477,-0.710
1.881,-1.875,-1.956
2.244,-2.093,-2.421
1.181,-2.049,-1.269
-0.113,-1.192,-0.412
-2.781,0.820,-1.731
0.243,3.543,-0.199
1.207,-0.473,-1.441
-0.296,-0.416,0.851
0.392,-0.840,-0.021
1.149,-0.999,0.481
0.280,-0.985,0.501
0.052,-0.970,0.527
0.131,-0.731,0.670
-0.016,-0.620,0.569
0.075,-0.701,0.481
0.483,-0.690,0.527
-0.015,-0.370,0.744
0.164,-0.555,0.732
-0.025,-0.738,0.633
0.421,-0.552,0.747
0.141,-0.885,0.561
-0.037,-0.599,0.644
0.069,-0.843,0.642
0.204,-0.590,0.738
0.147,-0.711,0.678
0.548,-0.856,0.771
-0.030,-0.806,0.786
-0.104,-0.866,0.870
0.064,-0.822,0.926
-0.228,-0.819,0.978
-0.280,-0.665,0.994
-0.217,-0.741,0.970
-0.285,-0.631,0.994
-0.237,-0.696,0.932
-0.130,-0.659,0.882
-0.162,-0.595,0.872
-0.281,-0.584,0.907
-0.078,-0.597,0.830
-0.241,-0.604,0.846
-0.282,-0.527,0.877
-0.138,-0.535,0.832
-0.414,-0.452,0.909
-0.127,-0.485,0.833
-0.119,-0.501,0.768
-0.191,-0.498,0.831
-0.212,-0.481,0.822
-0.117,-0.497,0.789
-0.278,-0.485,0.886
-0.192,-0.504,0.813
-0.302,-0.484,0.883
-0.227,-0.565,0.910
-0.247,-0.597,0.835
-0.425,-0.563,0.843
-0.276,-0.533,0.839
-0.225,-0.542,0.837
-0.327,-0.527,0.833
-0.304,-0.531,0.813
-0.284,-0.536,0.799
-0.338,-0.508,0.846
-0.297,-0.506,0.848
-0.311,-0.501,0.796
-0.341,-0.480,0.841
-0.321,-0.467,0.837
-0.290,-0.481,0.824
-0.350,-0.488,0.847
-0.348,-0.443,0.882
-0.286,-0.437,0.881
-0.285,-0.443,0.892
-0.347,-0.428,0.899
-0.295,-0.439,0.896
-0.308,-0.415,0.894
-0.282,-0.449,0.850
-0.367,-0.456,0.871
-0.354,-0.449,0.857
-0.358,-0.454,0.852
-0.361,-0.447,0.843
-0.326,-0.442,0.819
-0.345,-0.447,0.826
-0.324,-0.460,0.822
-0.383,-0.452,0.856
-0.356,-0.462,0.854
-0.363,-0.487,0.833
-0.388,-0.485,0.834
-0.393,-0.472,0.832
-0.381,-0.459,0.838
-0.417,-0.459,0.835
-0.400,-0.437,0.861

 -,-,-
1.645,-1.800,-1.440
2.335,-2.221,-2.682
0.575,-1.972,-1.114
-0.013,-1.662,-0.599
-2.192,0.457,-1.476
-3.684,2.576,0.264
2.033,-1.300,-0.156
-0.341,-0.427,0.204
1.145,-0.949,0.129
1.053,-0.557,0.422
-0.026,-0.694,0.373
0.013,-0.777,0.420
0.297,-0.765,0.485
0.324,-0.677,0.498
0.169,-0.676,0.430
0.213,-0.644,0.451
0.463,-0.484,0.585
0.079,-0.418,0.670
-0.034,-0.208,0.704
-0.591,-0.052,0.688
0.908,-0.684,0.732
0.641,-0.653,0.718
0.607,-0.681,0.848
0.433,-0.859,0.839
0.553,-0.705,0.986
0.306,-0.840,1.084
0.131,-0.683,1.062
-0.078,-0.599,1.133
-0.027,-0.617,1.130
-0.069,-0.497,1.066
-0.205,-0.560,1.022
-0.334,-0.479,1.000
-0.194,-0.443,0.960
-0.228,-0.425,0.992
-0.281,-0.424,0.938
-0.297,-0.380,0.960
-0.214,-0.345,0.970
-0.253,-0.310,1.014
-0.226,-0.326,0.990
-0.218,-0.318,0.979
-0.272,-0.232,0.979
-0.148,-0.296,0.908
-0.206,-0.305,0.937
-0.269,-0.264,0.965
-0.149,-0.310,0.923
-0.174,-0.351,0.947
-0.260,-0.369,0.938
-0.174,-0.373,0.913
-0.236,-0.371,0.940
-0.288,-0.334,0.949
-0.273,-0.357,0.950
-0.222,-0.356,0.929
-0.279,-0.344,0.916
-0.280,-0.344,0.930
-0.217,-0.358,0.898
-0.288,-0.317,0.953
-0.261,-0.325,0.924
-0.224,-0.325,0.921
-0.288,-0.301,0.957
-0.222,-0.314,0.934
-0.228,-0.322,0.922
-0.265,-0.293,0.964
-0.239,-0.298,0.962
-0.226,-0.284,0.951
-0.251,-0.277,0.987
-0.201,-0.302,0.957
-0.212,-0.305,0.953
-0.225,-0.302,0.952
-0.208,-0.320,0.918
-0.243,-0.308,0.936
-0.237,-0.290,0.958
-0.195,-0.312,0.919
-0.216,-0.303,0.958
-0.216,-0.295,0.972
-0.172,-0.316,0.955
-0.180,-0.351,0.914
-0.246,-0.325,0.935
-0.180,-0.339,0.913
-0.246,-0.316,0.955
-0.201,-0.328,0.933
-0.245,-0.350,0.934
-0.262,-0.309,0.969
-0.250,-0.292,0.951
-0.220,-0.351,0.907
-0.291,-0.348,0.914
-0.271,-0.344,0.867
-0.254,-0.386,0.900
-0.322,-0.357,0.951
-0.254,-0.327,0.970
-0.240,-0.323,1.003
-0.256,-0.287,1.000
-0.222,-0.314,0.911
-0.254,-0.361,0.929
-0.351,-0.351,0.921
-0.327,-0.288,0.962
-0.297,-0.253,0.995
-0.333,-0.251,0.994
-0.265,-0.255,0.954
-0.216,-0.272,0.903
-0.275,-0.271,0.913

 -,-,-
1.372,-1.979,-1.169
1.847,-2.371,-2.164
1.018,-1.740,-0.724
0.433,-0.576,-0.229
-3.018,3.588,-2.079
0.185,-0.173,-1.111
2.849,-2.398,0.757
-1.804,-0.186,0.486
1.038,-1.467,0.105
0.483,-0.441,0.544
0.040,-0.601,0.577
0.342,-0.610,0.636
0.181,-0.587,0.539
0.164,-0.552,0.538
0.368,-0.437,0.639
0.212,-0.418,0.582
0.276,-0.278,0.654
0.145,-0.492,0.655
0.262,-0.286,0.843
0.268,-0.397,0.860
0.147,-0.266,0.899
0.495,-0.401,1.087
0.172,-0.281,1.193
0.224,-0.278,1.318
0.110,-0.376,1.336
0.403,-0.427,1.378
0.242,-0.266,1.304
-0.123,-0.299,1.249
0.033,-0.436,1.208
-0.063,-0.343,1.116
-0.226,-0.280,1.066
-0.075,-0.386,1.018
-0.142,-0.343,0.911
-0.240,-0.373,0.897
-0.278,-0.425,0.868
-0.318,-0.382,0.917
-0.237,-0.373,0.908
-0.238,-0.341,0.927
-0.278,-0.289,0.940
-0.247,-0.305,0.947
-0.199,-0.289,0.976
-0.200,-0.263,0.961
-0.212,-0.256,0.974
-0.102,-0.301,0.892
-0.233,-0.255,0.920
-0.295,-0.236,0.981
-0.203,-0.251,0.954
-0.193,-0.282,0.948
-0.313,-0.251,1.000
-0.175,-0.323,0.907
-0.279,-0.327,0.936
-0.294,-0.318,0.924
-0.225,-0.334,0.886
-0.377,-0.260,0.990
-0.287,-0.280,0.943
-0.265,-0.286,0.954
-0.338,-0.263,0.953
-0.283,-0.284,0.954
-0.285,-0.253,0.965
-0.270,-0.244,0.947
-0.266,-0.266,0.941
-0.293,-0.243,0.943
-0.213,-0.242,0.955
-0.336,-0.270,0.882
-0.413,-0.234,0.957
-0.261,-0.262,0.948
-0.287,-0.222,0.958
-0.320,-0.208,0.951
-0.300,-0.241,0.881
-0.362,-0.175,1.023
-0.286,-0.181,0.940
-0.304,-0.173,0.996
-0.313,-0.165,1.010
-0.258,-0.170,0.963
-0.283,-0.162,1.005
-0.258,-0.166,1.002
-0.241,-0.194,0.979
-0.267,-0.200,0.973
-0.325,-0.179,0.980
-0.279,-0.190,0.960
-0.321,-0.168,0.962
-0.355,-0.133,0.985
-0.305,-0.133,0.973
-0.250,-0.109,0.945
-0.235,-0.148,0.904
-0.276,-0.183,0.900
-0.266,-0.186,0.954
-0.238,-0.191,0.967
-0.280,-0.167,0.997
-0.258,-0.181,0.988
-0.267,-0.226,0.933
-0.306,-0.233,0.954
-0.306,-0.196,0.979
-0.253,-0.198,0.950
-0.290,-0.201,0.968
-0.295,-0.174,0.964
-0.262,-0.175,0.951
-0.284,-0.207,0.948
-0.264,-0.216,0.929
-0.276,-0.197,0.959

 -,-,-
1.734,-2.026,-1.209
2.681,-2.381,-2.537
0.753,-2.420,-1.527
-0.151,-0.900,0.334
-0.992,1.640,-0.311
-0.991,3.353,-0.787
1.091,-1.248,-0.022
-0.291,-0.378,0.009
0.969,-0.780,0.210
0.721,-0.567,0.645
0.287,-0.811,0.541
0.225,-0.713,0.418
0.260,-0.532,0.497
0.187,-0.506,0.536
0.344,-0.424,0.516
0.220,-0.707,0.449
0.303,-0.598,0.476
0.006,-0.824,0.426
0.126,-0.785,0.483
0.188,-0.947,0.579
0.230,-0.923,0.682
0.196,-0.439,0.802
1.220,-1.068,0.870
-0.535,-0.455,0.912
0.368,-1.148,1.149
-0.535,-0.398,1.028
0.207,-0.888,1.099
-0.420,-0.500,1.029
0.134,-0.552,1.014
-0.132,-0.477,1.016
0.077,-0.523,0.960
-0.057,-0.504,0.948
-0.212,-0.365,0.897
-0.112,-0.477,0.824
-0.248,-0.471,0.962
-0.245,-0.394,0.952
-0.105,-0.417,0.883
-0.295,-0.404,1.022
-0.179,-0.391,0.935
-0.145,-0.345,0.945
-0.230,-0.335,1.000
-0.235,-0.341,0.943
-0.130,-0.342,0.905
-0.152,-0.355,0.953
-0.189,-0.353,0.937
-0.137,-0.368,0.918
-0.168,-0.367,0.966
-0.135,-0.371,0.921
-0.153,-0.390,0.941
-0.193,-0.398,0.965
-0.174,-0.372,0.955
-0.128,-0.389,0.937
-0.219,-0.409,0.933
-0.181,-0.410,0.937
-0.209,-0.399,0.947
-0.176,-0.386,0.923
-0.173,-0.363,0.906
-0.198,-0.344,0.934
-0.120,-0.357,0.922
-0.152,-0.356,0.934
-0.145,-0.365,0.935
-0.130,-0.366,0.952
-0.125,-0.377,0.912
-0.163,-0.376,0.949
-0.178,-0.358,0.945
-0.060,-0.350,0.955
-0.142,-0.328,1.007
-0.077,-0.313,0.980
-0.104,-0.302,0.960
-0.089,-0.321,0.959
-0.080,-0.337,0.914
-0.103,-0.341,0.914
-0.115,-0.339,0.932
-0.135,-0.332,0.977
-0.107,-0.341,0.973
-0.114,-0.365,0.970
-0.134,-0.381,0.972
-0.140,-0.374,0.957
-0.145,-0.384,0.951
-0.156,-0.379,0.944
-0.171,-0.375,0.938
-0.156,-0.398,0.921
-0.200,-0.368,0.961
-0.163,-0.342,0.950
-0.158,-0.362,0.953
-0.155,-0.348,0.936
-0.136,-0.324,0.942
-0.140,-0.335,0.960
-0.109,-0.343,0.931
-0.142,-0.326,0.965
-0.143,-0.308,0.978
-0.136,-0.295,0.991
-0.131,-0.314,0.963
-0.139,-0.336,0.940
-0.122,-0.329,0.946
-0.116,-0.316,0.954
-0.116,-0.327,0.944
-0.108,-0.357,0.948
-0.132,-0.350,0.953
-0.127,-0.319,0.973

 -,-,-
1.271,-1.398,0.080
1.635,-1.800,-0.410
2.314,-2.267,-1.893
1.589,-1.908,-1.621
0.505,-1.437,-0.832
-0.672,0.296,1.283
-3.979,4.000,-3.989
2.163,0.093,-1.131
1.971,-1.694,0.611
-1.327,-1.062,-0.069
1.089,-0.867,0.068
0.604,-0.621,0.406
-0.010,-0.505,0.424
0.119,-0.533,0.499
0.244,-0.474,0.583
0.289,-0.566,0.494
0.203,-0.589,0.514
0.261,-0.671,0.515
-0.022,-0.770,0.475
0.258,-0.827,0.602
0.117,-1.001,0.554
0.110,-0.880,0.714
0.098,-0.890,0.814
1.063,-1.067,0.979
-0.274,-0.636,0.885
-0.141,-0.865,0.913
0.406,-1.162,1.021
-0.209,-0.677,0.937
-0.227,-0.662,0.959
-0.054,-0.739,0.921
0.093,-0.773,0.931
-0.185,-0.738,0.922
-0.256,-0.541,0.919
-0.308,-0.464,0.974
-0.208,-0.526,0.977
-0.160,-0.610,1.034
-0.264,-0.344,0.940
-0.090,-0.512,0.916
-0.242,-0.483,0.911
-0.168,-0.500,0.835
-0.133,-0.467,0.830
-0.037,-0.495,0.791
-0.151,-0.473,0.822
-0.113,-0.512,0.831
-0.144,-0.511,0.844
-0.152,-0.513,0.899
-0.132,-0.526,0.850
-0.170,-0.502,0.854
-0.208,-0.495,0.864
-0.155,-0.500,0.822
-0.202,-0.497,0.866
-0.229,-0.495,0.903
-0.157,-0.501,0.879
-0.211,-0.527,0.928
-0.222,-0.497,0.927
-0.170,-0.470,0.886
-0.177,-0.490,0.936
-0.220,-0.461,0.906
-0.144,-0.438,0.880
-0.179,-0.424,0.872
-0.173,-0.444,0.854
-0.179,-0.442,0.901
-0.151,-0.466,0.865
-0.183,-0.490,0.868
-0.202,-0.492,0.841
-0.226,-0.480,0.894
-0.227,-0.465,0.875
-0.224,-0.430,0.864
-0.225,-0.494,0.889
-0.265,-0.496,0.914
-0.333,-0.449,1.001
-0.227,-0.407,0.998
-0.250,-0.393,0.949
-0.184,-0.445,0.880
-0.246,-0.446,0.898
-0.199,-0.434,0.913
-0.153,-0.445,0.871
-0.168,-0.494,0.871
-0.162,-0.482,0.838
-0.242,-0.383,0.806
-0.246,-0.486,0.795
-0.322,-0.477,0.808
-0.313,-0.446,0.848
-0.278,-0.482,0.899
-0.314,-0.489,0.918
-0.312,-0.470,0.885
-0.266,-0.531,0.822
-0.318,-0.476,0.925
-0.305,-0.437,0.983
-0.233,-0.419,0.999
-0.237,-0.406,0.989
-0.205,-0.425,0.946
-0.192,-0.399,0.926
-0.184,-0.380,0.908
-0.214,-0.366,0.907
-0.203,-0.346,0.919
-0.183,-0.339,0.910
-0.147,-0.359,0.884
-0.151,-0.377,0.870
-0.183,-0.418,0.900

 -,-,-
-0.336,-0.603,1.350
0.034,-0.590,1.250
0.139,-0.760,1.012
0.545,-0.886,0.713
1.130,-1.452,-0.274
2.024,-2.244,-1.619
2.015,-2.242,-2.043
0.432,-1.453,-0.593
-1.631,0.747,2.730
-0.441,4.000,-1.061
0.524,-0.715,-1.602
0.123,-0.932,1.204
1.212,-0.940,0.024
0.509,-0.496,0.339
-0.010,-0.514,0.569
0.471,-0.492,0.662
0.327,-0.589,0.626
0.175,-0.674,0.681
0.273,-0.620,0.628
0.296,-0.769,0.536
0.170,-0.758,0.648
0.299,-0.836,0.606
0.346,-0.952,0.564
0.383,-0.874,0.494
-0.182,-0.868,0.503
0.797,-1.186,0.616
0.024,-0.894,0.776
-0.037,-0.779,0.878
0.523,-0.996,0.932
0.254,-0.784,1.028
-0.037,-0.703,0.980
-0.093,-0.726,1.021
-0.097,-0.627,1.031
-0.048,-0.499,0.918
-0.176,-0.540,0.909
0.359,-0.906,0.891
-0.185,-0.304,0.899
-0.236,-0.505,0.919
-0.055,-0.571,0.887
-0.214,-0.475,0.895
-0.118,-0.527,0.844
-0.076,-0.538,0.785
-0.222,-0.486,0.868
-0.152,-0.505,0.828
-0.149,-0.503,0.908
-0.159,-0.513,0.864
-0.128,-0.521,0.882
-0.167,-0.499,0.901
-0.155,-0.482,0.869
-0.118,-0.494,0.868
-0.177,-0.455,0.908
-0.116,-0.468,0.861
-0.188,-0.457,0.883
-0.165,-0.470,0.911
-0.178,-0.472,0.894
-0.209,-0.464,0.912
-0.178,-0.466,0.909
-0.212,-0.453,0.902
-0.208,-0.448,0.912
-0.184,-0.448,0.893
-0.180,-0.461,0.895
-0.277,-0.415,0.956
-0.190,-0.426,0.932
-0.158,-0.465,0.896
-0.228,-0.468,0.898
-0.211,-0.417,0.910
-0.082,-0.437,0.898
-0.213,-0.443,0.904
-0.193,-0.424,0.912
-0.162,-0.426,0.886
-0.190,-0.454,0.877
-0.256,-0.423,0.908
-0.191,-0.420,0.894
-0.221,-0.437,0.909
-0.195,-0.446,0.903
-0.178,-0.441,0.905
-0.183,-0.437,0.908
-0.178,-0.432,0.906
-0.164,-0.430,0.894
-0.210,-0.431,0.891
-0.186,-0.448,0.895
-0.198,-0.454,0.902
-0.242,-0.419,0.934
-0.196,-0.407,0.945
-0.207,-0.393,0.968
-0.150,-0.409,0.929
-0.163,-0.416,0.938
-0.178,-0.400,0.917
-0.200,-0.412,0.926
-0.185,-0.408,0.915
-0.188,-0.409,0.888
-0.178,-0.425,0.886
-0.233,-0.441,0.883
-0.231,-0.428,0.880
-0.199,-0.444,0.895
-0.205,-0.446,0.903
-0.203,-0.421,0.926
-0.196,-0.437,0.920
-0.219,-0.439,0.908
-0.242,-0.445,0.919

 -,-,-
-0.463,-0.579,1.192
-0.344,-0.591,1.166
-0.401,-0.405,1.435
-0.031,-0.497,1.182
0.181,-0.554,1.003
0.250,-0.753,0.967
0.431,-0.798,0.731
0.848,-1.022,0.137
1.240,-1.303,-0.536
1.999,-2.001,-1.736
1.768,-2.249,-2.568
0.809,-1.747,-1.004
-0.751,-0.657,-0.016
-1.426,4.000,-1.805
-0.644,-0.101,-0.538
0.236,-2.163,0.056
-1.307,0.343,-0.059
2.197,-0.868,0.424
0.077,-0.337,0.712
-0.153,-0.538,0.693
0.304,-0.363,0.643
0.509,-0.354,0.763
0.314,-0.373,0.671
0.231,-0.429,0.659
0.262,-0.488,0.765
0.589,-0.361,0.703
0.281,-0.499,0.744
0.235,-0.548,0.836
0.013,-0.633,0.814
-0.354,-0.872,0.128
1.544,-0.545,0.600
-0.462,-0.373,1.037
0.470,-0.749,1.137
0.270,-0.551,1.065
0.249,-0.635,1.111
0.103,-0.535,1.115
0.200,-0.665,1.104
0.101,-0.591,1.136
-0.040,-0.405,1.044
-0.004,-0.435,1.020
-0.136,-0.389,0.993
-0.063,-0.386,0.967
-0.092,-0.386,0.943
-0.101,-0.359,0.919
-0.041,-0.444,0.876
-0.041,-0.469,0.938
-0.077,-0.493,0.923
-0.139,-0.361,1.000
-0.085,-0.380,0.998
-0.130,-0.374,0.983
-0.156,-0.366,1.016
-0.029,-0.368,1.000
-0.075,-0.359,0.957
-0.116,-0.355,0.982
-0.096,-0.325,0.921
-0.071,-0.322,0.912
-0.085,-0.315,0.914
-0.080,-0.299,0.894
-0.107,-0.248,0.980
-0.081,-0.258,0.972
-0.060,-0.266,0.955
-0.113,-0.268,1.004
-0.096,-0.280,0.972
-0.092,-0.301,0.960
-0.161,-0.263,1.002
-0.130,-0.214,0.997
-0.036,-0.248,0.980
-0.119,-0.263,0.983
-0.169,-0.209,0.966
-0.071,-0.201,0.953
-0.109,-0.242,0.947
-0.196,-0.212,0.999
-0.126,-0.190,0.997
-0.103,-0.225,0.982
-0.160,-0.232,0.974
-0.224,-0.222,1.020
-0.161,-0.236,0.988
-0.185,-0.280,0.967
-0.260,-0.283,0.998
-0.217,-0.319,0.998
-0.212,-0.284,0.969
-0.207,-0.312,0.929
-0.234,-0.331,0.914
-0.210,-0.300,0.949
-0.221,-0.278,0.984
-0.229,-0.267,1.000
-0.200,-0.228,1.001
-0.145,-0.233,0.989
-0.185,-0.267,1.008
-0.135,-0.258,1.006
-0.087,-0.219,0.938
-0.109,-0.317,0.940
-0.175,-0.298,0.957
-0.144,-0.253,0.986
-0.063,-0.241,0.931
-0.120,-0.319,0.898
-0.128,-0.332,0.919
-0.055,-0.264,0.985
-0.080,-0.242,1.032
-0.108,-0.243,1.026

 -,-,-
1.710,-1.668,-0.398
2.115,-2.432,-1.987
0.778,-2.179,-1.538
0.195,-1.020,-0.493
2.454,2.379,-3.690
-4.000,4.000,-1.886
2.164,-1.542,0.973
0.177,-0.092,-0.154
0.542,-0.620,0.506
0.266,-0.353,0.530
0.250,-0.536,0.439
0.327,-0.558,0.457
0.247,-0.523,0.458
0.291,-0.486,0.486
0.187,-0.467,0.550
0.253,-0.463,0.667
0.139,-0.680,0.668
0.183,-0.726,0.747
0.033,-0.860,0.756
0.031,-0.792,0.857
0.686,-0.877,0.855
-0.163,-0.656,1.072
0.459,-0.850,1.066
0.364,-0.526,1.133
0.095,-0.537,1.070
0.024,-0.358,0.957
0.155,-0.651,0.865
-0.037,-0.540,0.873
-0.283,-0.674,0.855
-0.187,-0.562,0.892
-0.146,-0.708,0.947
-0.188,-0.627,0.947
-0.218,-0.569,1.007
-0.241,-0.508,0.963
-0.189,-0.548,0.947
-0.208,-0.448,0.885
-0.124,-0.479,0.936
-0.465,-0.302,0.969
-0.082,-0.371,0.946
-0.200,-0.388,1.001
-0.188,-0.349,0.932
-0.065,-0.414,0.866
-0.148,-0.407,0.943
-0.159,-0.374,0.904
-0.068,-0.412,0.887
-0.207,-0.390,0.966
-0.170,-0.384,0.936
-0.048,-0.417,0.922
-0.171,-0.409,0.974
-0.174,-0.364,0.954
-0.094,-0.350,0.934
-0.134,-0.343,0.931
-0.183,-0.310,0.956
-0.098,-0.300,0.949
-0.062,-0.341,0.937
-0.222,-0.299,0.986
-0.137,-0.269,0.954
-0.103,-0.305,0.945
-0.174,-0.331,0.975
-0.163,-0.308,0.992
-0.115,-0.316,1.001
-0.124,-0.378,1.002
-0.138,-0.311,0.960
-0.149,-0.286,0.944
-0.115,-0.298,0.958
-0.157,-0.273,0.972
-0.176,-0.295,0.954
-0.147,-0.312,0.917
-0.158,-0.341,0.924
-0.177,-0.324,0.933
-0.160,-0.308,0.990
-0.196,-0.276,0.995
-0.144,-0.264,1.015
-0.119,-0.292,0.958
-0.197,-0.300,1.034
-0.209,-0.268,1.056
-0.121,-0.252,1.005
-0.176,-0.255,1.000
-0.200,-0.260,0.987
-0.131,-0.248,0.942
-0.144,-0.254,0.947
-0.183,-0.233,0.966
-0.152,-0.216,0.990
-0.130,-0.266,0.965
-0.149,-0.291,0.947
-0.122,-0.306,0.934
-0.139,-0.304,0.936
-0.202,-0.284,0.973
-0.204,-0.263,1.016
-0.173,-0.297,0.966
-0.201,-0.321,0.958
-0.175,-0.307,0.971
-0.169,-0.279,0.964
-0.153,-0.300,0.974
-0.185,-0.291,0.966
-0.123,-0.268,0.987
-0.127,-0.280,0.983
-0.114,-0.251,0.969
-0.140,-0.258,0.967
-0.150,-0.259,0.971

 -,-,-
-0.419,-0.750,0.752
-0.458,-0.844,1.015
0.969,-0.977,0.968
1.007,-1.657,1.030
1.345,-2.073,0.091
2.408,-2.771,-2.308
1.249,-2.323,-2.015
-0.503,-1.386,-0.484
-0.250,2.808,1.679
0.864,4.000,-3.483
1.814,-2.842,0.604
-1.131,0.167,0.014
0.975,-0.765,0.079
0.448,-0.249,0.670
0.350,-0.633,0.502
0.353,-0.559,0.369
0.480,-0.645,0.410
0.254,-0.747,0.397
0.002,-0.758,0.417
0.208,-0.891,0.410
0.286,-0.952,0.412
0.185,-1.058,0.403
0.060,-0.891,0.569
0.156,-1.302,0.846
0.177,-0.977,0.907
-0.104,-0.768,0.980
-0.095,-1.051,0.977
0.007,-0.749,1.070
0.313,-1.172,1.072
0.321,-0.894,0.932
-0.185,-0.663,1.006
-0.161,-0.796,0.898
-0.190,-0.656,0.838
-0.103,-0.598,0.941
-0.061,-0.561,0.813
-0.370,-0.512,0.867
-0.350,-0.450,0.910
-0.177,-0.459,0.905
-0.309,-0.377,0.952
-0.228,-0.440,0.943
-0.158,-0.422,0.879
-0.141,-0.453,0.916
-0.160,-0.418,0.895
-0.023,-0.495,0.776
-0.259,-0.418,0.885
-0.199,-0.380,0.902
-0.084,-0.456,0.942
-0.135,-0.475,0.966
-0.180,-0.500,0.894
-0.229,-0.516,0.940
-0.223,-0.501,0.871
-0.092,-0.510,0.751
-0.550,-0.375,0.882
-0.312,-0.382,0.808
-0.204,-0.380,0.891
-0.324,-0.379,0.900
-0.427,-0.385,0.936
-0.257,-0.384,0.935
-0.340,-0.314,1.018
-0.277,-0.247,0.978
-0.071,-0.275,0.973
-0.227,-0.257,0.997
-0.263,-0.304,0.885
-0.243,-0.312,0.950
-0.662,-0.132,0.996
-0.324,-0.250,1.019
-0.279,-0.211,0.983
-0.246,-0.311,0.977
-0.179,-0.327,0.941
-0.267,-0.300,0.953
-0.258,-0.293,0.955
-0.255,-0.290,0.940
-0.240,-0.290,0.927
-0.269,-0.268,0.963
-0.189,-0.299,0.911
-0.203,-0.313,0.896
-0.193,-0.340,0.906
-0.204,-0.377,0.907
-0.308,-0.303,0.993
-0.207,-0.318,0.974
-0.204,-0.343,0.967
-0.237,-0.332,0.967
-0.195,-0.325,0.954
-0.215,-0.320,0.939
-0.211,-0.313,0.936
-0.222,-0.308,0.928
-0.222,-0.318,0.931
-0.228,-0.306,0.958
-0.256,-0.302,0.973
-0.211,-0.310,0.964
-0.236,-0.328,0.966
-0.316,-0.295,0.948
-0.196,-0.321,0.935
-0.031,-0.361,0.937
-0.217,-0.320,0.944
-0.183,-0.330,0.922
-0.249,-0.443,0.981
-0.362,-0.396,1.110
-0.273,-0.599,1.025
-0.336,-0.658,0.929

 -,-,-
-0.430,-0.629,0.934
-0.433,-0.557,0.998
-0.268,-0.717,0.572
0.278,-0.669,0.859
0.102,-0.675,0.946
0.225,-0.794,0.828
0.420,-0.900,0.319
0.953,-1.079,-0.099
1.267,-1.543,-0.616
1.408,-1.937,-1.293
2.130,-2.229,-2.773
0.866,-1.610,-1.367
-0.387,-0.100,0.619
-1.437,3.422,-3.148
0.726,0.738,-1.258
-0.016,-0.232,1.164
1.950,-1.213,0.047
0.719,-0.956,-0.091
0.043,-0.654,0.087
0.528,-0.435,0.258
0.253,-0.492,0.281
0.226,-0.607,0.396
0.232,-0.907,0.329
0.376,-0.905,0.359
0.200,-1.148,0.326
0.215,-0.951,0.418
0.175,-1.236,0.437
0.266,-0.976,0.610
-0.047,-1.020,0.614
0.686,-1.046,0.657
0.369,-0.977,0.836
-0.389,-0.546,0.897
-0.099,-0.743,1.060
-0.035,-0.729,1.217
-0.086,-0.565,1.098
-0.114,-0.591,1.034
-0.295,-0.414,0.977
-0.319,-0.494,0.942
-0.053,-0.569,0.981
-0.180,-0.416,0.976
-0.265,-0.424,0.925
-0.226,-0.411,0.974
-0.245,-0.323,1.012
-0.120,-0.365,0.901
-0.142,-0.360,0.901
-0.196,-0.326,0.976
-0.066,-0.321,0.911
-0.092,-0.338,0.958
-0.099,-0.353,0.951
-0.138,-0.343,0.976
-0.121,-0.341,0.950
-0.099,-0.316,0.990
-0.152,-0.296,0.995
-0.175,-0.331,0.955
-0.191,-0.314,0.940
-0.191,-0.373,0.928
-0.206,-0.390,0.892
-0.228,-0.427,0.916
-0.227,-0.398,0.925
-0.161,-0.386,0.924
-0.180,-0.383,0.955
-0.195,-0.337,0.957
-0.163,-0.299,0.950
-0.096,-0.322,0.927
-0.169,-0.295,0.960
-0.131,-0.281,0.945
-0.113,-0.342,0.927
-0.171,-0.355,0.931
-0.177,-0.344,0.946
-0.179,-0.330,0.969
-0.160,-0.330,0.954
-0.174,-0.325,0.960
-0.180,-0.315,0.980
-0.171,-0.307,0.976
-0.162,-0.316,0.968
-0.148,-0.292,0.999
-0.140,-0.283,0.968
-0.147,-0.317,0.972
-0.176,-0.300,0.964
-0.154,-0.312,0.947
-0.197,-0.333,0.935
-0.195,-0.331,0.927
-0.203,-0.320,0.949
-0.210,-0.301,0.944
-0.243,-0.266,0.999
-0.185,-0.274,0.948
-0.193,-0.271,0.922
-0.194,-0.267,0.937
-0.211,-0.262,0.991
-0.149,-0.263,0.973
-0.117,-0.251,0.991
-0.150,-0.255,1.016
-0.148,-0.272,1.011
-0.213,-0.234,1.001
-0.200,-0.246,1.018
-0.190,-0.190,1.033
-0.144,-0.166,1.001
-0.078,-0.221,0.945
-0.098,-0.257,0.928
-0.116,-0.277,0.937

 -,-,-
1.053,-1.865,-1.604
1.982,-2.275,-3.024
1.055,-1.067,-1.311
-1.017,0.318,0.576
-3.770,3.361,-2.010
0.839,-0.284,0.280
1.333,-0.357,-0.931
-0.280,-1.131,1.078
0.953,-1.877,0.113
1.072,-1.251,0.206
0.466,-1.087,0.353
0.224,-0.769,0.480
0.256,-0.742,0.580
0.208,-0.695,0.614
0.167,-0.916,0.536
0.362,-0.530,0.491
0.216,-0.184,0.450
0.120,-0.209,0.257
-0.197,-0.312,0.321
-0.358,-0.324,0.320
2.176,-1.598,0.525
0.095,-0.486,0.488
0.716,-1.199,0.716
0.474,-0.565,0.720
0.638,-0.665,0.928
0.593,-0.515,1.088
0.431,-0.470,1.160
0.537,-0.384,1.235
0.353,-0.351,1.304
0.055,-0.387,1.282
-0.031,-0.319,1.292
0.083,-0.300,1.222
0.060,-0.281,1.100
-0.154,-0.208,1.061
-0.158,-0.210,1.006
-0.138,-0.217,1.000
-0.128,-0.243,0.977
-0.268,-0.232,1.114
-0.340,-0.221,1.090
-0.287,-0.185,1.031
-0.206,-0.181,0.961
-0.254,-0.134,1.023
-0.138,-0.150,0.947
-0.195,-0.071,0.962
-0.151,-0.139,0.987
-0.202,-0.104,0.943
-0.130,-0.127,0.941
-0.165,-0.161,0.961
-0.244,-0.168,0.939
-0.250,-0.191,0.930
-0.251,-0.204,0.962
-0.269,-0.205,0.980
-0.295,-0.208,1.004
-0.311,-0.192,1.037
-0.283,-0.189,1.016
-0.288,-0.189,0.992
-0.449,-0.147,1.030
-0.137,-0.141,0.948
-0.076,-0.119,0.964
-0.378,-0.093,1.001
-0.359,-0.131,0.994
-0.197,-0.181,0.985
-0.300,-0.133,0.989
-0.313,-0.132,0.942
-0.266,-0.131,0.946
-0.270,-0.129,0.952
-0.353,-0.117,0.973
-0.307,-0.130,1.000
-0.292,-0.123,1.019
-0.307,-0.105,1.046
-0.263,-0.161,1.024
-0.208,-0.164,1.001
-0.208,-0.163,0.987
-0.257,-0.150,0.981
-0.203,-0.161,0.940
-0.235,-0.151,0.955
-0.244,-0.165,0.927
-0.258,-0.191,0.937
-0.280,-0.200,0.999
-0.281,-0.195,0.989
-0.244,-0.197,0.980
-0.251,-0.193,0.934
-0.168,-0.211,0.955
-0.184,-0.249,0.971
-0.267,-0.253,0.950
-0.256,-0.209,0.985
-0.200,-0.199,1.000
-0.216,-0.205,0.985
-0.246,-0.194,0.986
-0.235,-0.203,0.998
-0.251,-0.192,0.986
-0.256,-0.213,0.913
-0.274,-0.147,0.991
0.284,0.102,0.975
-0.443,-0.324,0.986
-0.220,-0.244,0.865
-0.522,-0.282,0.843
-0.493,-0.327,0.873
0.158,-0.157,0.813
-0.655,-0.072,1.098

 -,-,-
1.142,-1.696,-1.301
1.894,-2.165,-2.898
0.277,-1.671,-1.851
-0.499,-0.385,0.268
2.365,1.414,-3.951
-4.000,2.061,-0.515
2.287,-0.676,-0.807
-0.247,-1.122,0.815
1.082,-1.079,0.181
1.011,-0.687,0.410
-0.132,-0.717,0.477
0.156,-0.732,0.546
0.411,-0.713,0.596
0.258,-0.714,0.569
0.240,-0.603,0.509
0.117,-0.698,0.392
0.276,-0.613,0.393
0.372,-0.529,0.387
0.326,-0.487,0.455
0.301,-0.417,0.469
1.501,-0.580,0.311
1.053,-0.315,0.377
0.159,-0.384,0.536
0.428,-0.624,0.667
0.254,-0.335,0.943
0.488,-0.241,1.192
0.390,-0.218,1.315
0.096,-0.385,1.304
-0.044,-0.219,1.355
0.081,-0.374,1.331
0.051,-0.344,1.260
-0.099,-0.245,1.209
-0.209,-0.310,1.276
-0.207,-0.280,1.231
-0.287,-0.245,1.173
-0.242,-0.203,1.101
-0.248,-0.237,1.075
-0.265,-0.203,1.025
-0.200,-0.187,0.984
-0.159,-0.165,0.994
-0.192,-0.106,1.033
-0.114,-0.092,0.938
-0.155,-0.102,0.953
-0.101,-0.110,0.952
-0.057,-0.124,0.910
-0.154,-0.131,0.841
-0.163,-0.071,0.850
-0.113,-0.067,0.915
-0.038,-0.081,0.955
-0.060,-0.091,0.961
-0.133,-0.103,1.063
-0.175,-0.090,1.108
-0.164,-0.084,1.054
-0.228,-0.069,1.045
-0.308,-0.038,1.015
-0.160,-0.031,1.002
-0.115,-0.044,0.970
-0.295,-0.017,1.084
-0.251,-0.010,1.072
-0.161,-0.015,1.029
-0.228,-0.010,1.034
-0.321,0.014,1.047
-0.240,0.060,1.025
-0.115,0.066,0.969
-0.185,0.066,0.986
-0.183,0.064,0.937
-0.173,0.077,0.961
-0.188,0.068,0.973
-0.179,0.088,0.985
-0.146,0.073,0.961
-0.156,0.075,0.999
-0.166,0.085,1.017
-0.116,0.067,0.999
-0.169,0.075,1.025
-0.173,0.079,1.037
-0.147,0.056,1.009
-0.188,0.041,1.021
-0.214,0.064,1.039
-0.193,0.059,1.052
-0.179,0.062,1.058
-0.132,0.060,1.008
-0.118,0.025,0.978
-0.152,0.019,0.969
-0.113,-0.014,0.932
-0.149,-0.016,0.948
-0.159,-0.017,0.940
-0.137,-0.026,0.927
-0.167,-0.010,0.951
-0.153,0.010,0.982
-0.150,0.013,1.004
-0.157,0.036,1.023
-0.133,0.041,1.025
-0.170,0.055,1.050
-0.136,0.050,1.029
-0.174,0.060,1.028
-0.187,0.072,1.024
-0.131,0.055,0.980
-0.112,0.039,0.930
-0.233,0.100,0.974
-0.237,0.132,1.031

 -,-,-
-0.610,-0.553,0.924
-0.592,-0.668,0.794
-0.033,-0.650,0.828
-0.284,-0.712,0.814
0.199,-0.730,0.591
0.598,-0.797,0.545
0.513,-0.984,-0.172
1.132,-1.675,-1.361
1.785,-2.118,-2.843
1.346,-2.000,-2.209
0.570,-1.653,-0.735
-1.275,1.072,1.151
-1.512,4.000,-0.568
1.370,0.123,-2.608
-0.286,-0.909,1.127
1.682,-1.387,-0.295
1.066,-0.698,0.082
0.169,-0.576,0.324
-0.023,-0.531,0.296
0.274,-0.547,0.274
0.296,-0.733,0.235
0.458,-0.730,0.203
0.290,-0.870,0.174
0.404,-0.850,0.162
0.208,-0.959,0.148
0.432,-0.972,0.174
0.439,-0.831,0.191
0.164,-0.473,0.379
-0.418,-0.561,0.654
0.610,-0.807,0.760
-0.398,-0.759,0.995
-0.113,-0.648,1.289
-0.277,-0.661,1.287
-0.344,-0.330,1.447
-0.220,-0.374,1.400
-0.133,-0.364,1.258
0.036,-0.384,1.272
-0.205,-0.223,1.139
-0.213,-0.172,1.079
-0.253,-0.170,1.143
-0.047,-0.173,1.070
-0.132,-0.133,0.979
-0.145,-0.203,0.938
-0.220,-0.191,0.869
-0.222,-0.159,0.923
-0.122,-0.204,0.954
-0.112,-0.241,0.997
-0.148,-0.286,1.030
-0.176,-0.279,1.029
-0.113,-0.270,1.026
-0.069,-0.263,0.997
-0.130,-0.246,0.937
-0.191,-0.242,0.942
-0.136,-0.262,0.931
-0.147,-0.246,0.954
-0.135,-0.220,1.011
-0.128,-0.239,0.985
-0.157,-0.224,0.994
-0.119,-0.244,0.978
-0.120,-0.258,0.952
-0.160,-0.269,0.973
-0.208,-0.255,1.035
-0.162,-0.284,1.001
-0.164,-0.265,1.041
-0.176,-0.268,1.020
-0.179,-0.265,1.010
-0.179,-0.272,1.039
-0.176,-0.256,1.095
-0.254,-0.318,1.149
-0.494,-0.289,0.975
-0.460,-0.068,1.015
-0.312,-0.056,0.908
-0.224,-0.270,0.743
-0.244,-0.445,0.529
-0.220,-0.525,0.620
-0.127,-0.627,0.646
-0.279,-0.677,0.473
-0.365,-0.634,0.365
-0.477,-0.860,0.387
-0.598,-0.811,0.437
-0.666,-0.872,0.513
-0.734,-0.791,0.641
-0.671,-0.765,0.673
-0.667,-0.686,0.674
-0.684,-0.590,0.715
-0.679,-0.532,0.736
-0.621,-0.456,0.763
-0.596,-0.396,0.803
-0.581,-0.376,0.796
-0.523,-0.347,0.806
-0.464,-0.357,0.785
-0.556,-0.334,0.797
-0.545,-0.351,0.813
-0.519,-0.353,0.843
-0.499,-0.298,0.811
-0.511,-0.310,0.820
-0.486,-0.300,0.845
-0.473,-0.269,0.868
-0.414,-0.255,0.837
-0.429,-0.271,0.847

 -,-,-
-0.897,-0.386,0.895
-0.424,-0.338,0.976
-0.833,-0.201,1.155
-0.823,-0.394,1.077
-0.563,-0.511,1.060
-0.547,-0.462,1.225
-0.783,-0.548,1.173
-0.044,-0.567,1.026
-0.045,-0.668,1.066
-0.001,-0.779,0.541
0.524,-0.809,0.299
0.683,-0.887,-0.172
0.814,-1.096,-0.621
1.155,-1.182,-1.164
2.351,-1.611,-3.163
1.074,-1.340,-2.009
-0.358,-0.252,0.137
-0.345,3.781,-2.618
-1.873,2.787,-0.072
0.578,-0.328,-0.111
1.033,-1.384,-0.324
0.525,-1.176,0.013
0.369,-0.783,0.164
0.463,-0.672,0.296
0.396,-0.740,0.281
0.213,-0.686,0.344
0.136,-0.916,0.346
0.159,-0.962,0.378
0.152,-0.990,0.417
0.098,-0.968,0.463
0.192,-0.955,0.370
0.548,-0.990,0.467
-1.157,-0.331,0.785
0.004,-0.926,0.806
-0.576,-0.468,0.866
0.879,-1.057,0.891
-0.641,-0.601,0.834
-0.106,-0.749,0.905
-0.259,-0.646,0.958
-0.120,-0.691,0.889
-0.093,-0.635,0.895
0.016,-0.668,0.865
-0.213,-0.557,0.896
-0.257,-0.442,0.920
-0.128,-0.502,0.939
-0.208,-0.487,0.938
-0.061,-0.433,0.934
0.223,-0.458,1.011
-0.242,-0.358,1.172
-0.311,-0.375,1.035
-0.325,-0.376,0.935
-0.326,-0.357,0.949
-0.355,-0.376,0.909
-0.302,-0.316,0.901
-0.183,-0.364,0.893
-0.279,-0.325,0.961
-0.248,-0.371,1.013
-0.272,-0.330,0.953
-0.335,-0.328,0.916
-0.351,-0.331,0.897
-0.286,-0.339,0.875
-0.111,-0.320,0.866
-0.256,-0.308,0.835
-0.674,-0.333,0.792
-0.584,-0.374,0.788
-0.437,-0.393,0.866
-0.409,-0.391,0.847
-0.507,-0.378,0.859
-0.517,-0.364,0.836
-0.568,-0.325,0.787
-0.534,-0.329,0.782
-0.482,-0.356,0.755
-0.444,-0.313,0.837
-0.482,-0.251,0.909
-0.367,-0.212,0.943
-0.337,-0.212,0.970
-0.381,-0.196,0.984
-0.388,-0.214,0.949
-0.407,-0.204,0.957
-0.431,-0.179,0.961
-0.472,-0.225,0.940
-0.500,-0.238,0.934
-0.493,-0.260,0.884
-0.478,-0.266,0.804
-0.444,-0.268,0.840
-0.515,-0.257,0.831
-0.462,-0.237,0.822
-0.460,-0.227,0.811
-0.463,-0.206,0.970
-0.462,-0.241,0.945
-0.426,-0.257,0.887
-0.416,-0.276,0.897
-0.396,-0.294,0.902
-0.404,-0.286,0.895
-0.434,-0.260,0.921
-0.440,-0.245,0.899
-0.403,-0.267,0.887
-0.445,-0.271,0.856
-0.491,-0.287,0.869
-0.486,-0.285,0.852

 -,-,-
-0.441,-0.329,1.248
-0.457,-0.498,1.107
-0.574,-0.504,1.054
-0.454,-0.536,1.192
-0.356,-0.482,1.047
-0.158,-0.634,0.850
0.171,-0.616,0.918
0.840,-0.784,0.458
1.021,-1.054,-0.181
1.199,-1.369,-1.083
1.715,-2.105,-2.623
1.089,-1.904,-1.884
0.334,-1.182,-1.048
0.094,0.543,0.514
0.126,4.000,-1.180
0.967,0.529,-0.758
-0.389,0.101,0.773
1.414,-1.628,-0.114
0.453,-0.934,-0.282
0.430,-0.709,0.236
0.661,-0.627,0.307
0.402,-0.665,0.227
0.112,-0.603,0.463
0.381,-0.788,0.476
0.252,-0.783,0.408
0.262,-0.865,0.428
0.215,-0.956,0.453
0.151,-1.002,0.574
0.275,-0.993,0.734
0.128,-0.861,0.842
1.518,-1.206,0.769
-0.081,-0.750,0.852
-0.198,-0.759,0.921
-0.100,-0.623,1.027
0.099,-0.643,1.001
-0.098,-0.600,1.188
-0.067,-0.480,1.014
-0.109,-0.591,1.000
-0.274,-0.478,1.076
-0.151,-0.456,1.000
-0.192,-0.400,0.903
-0.268,-0.530,0.932
-0.086,-0.491,0.903
-0.101,-0.405,0.839
-0.099,-0.469,0.920
-0.205,-0.348,0.931
-0.036,-0.414,0.844
-0.110,-0.413,0.888
-0.169,-0.383,0.925
-0.088,-0.427,0.869
-0.159,-0.426,0.890
-0.222,-0.419,0.914
-0.183,-0.406,0.907
-0.150,-0.397,0.906
-0.155,-0.402,0.913
-0.117,-0.382,0.964
-0.109,-0.379,0.973
-0.476,-0.450,0.871
-0.555,-0.519,0.814
-0.472,-0.505,0.830
-0.315,-0.506,0.771
-0.299,-0.476,0.833
-0.350,-0.464,0.876
-0.335,-0.495,0.793
-0.404,-0.504,0.804
-0.395,-0.470,0.830
-0.363,-0.451,0.845
-0.374,-0.434,0.883
-0.373,-0.410,0.876
-0.337,-0.401,0.871
-0.353,-0.399,0.885
-0.359,-0.398,0.897
-0.338,-0.387,0.912
-0.340,-0.395,0.902
-0.359,-0.389,0.913
-0.353,-0.383,0.907
-0.454,-0.341,0.877
-0.351,-0.402,0.846
-0.399,-0.382,0.825
-0.314,-0.425,0.901
-0.350,-0.402,0.860
-0.350,-0.400,0.847
-0.364,-0.383,0.877
-0.327,-0.377,0.852
-0.384,-0.367,0.914
-0.297,-0.384,0.862
-0.391,-0.383,0.911
-0.379,-0.367,0.878
-0.364,-0.375,0.889
-0.385,-0.363,0.918
-0.341,-0.372,0.880
-0.354,-0.349,0.866
-0.343,-0.342,0.867
-0.329,-0.350,0.896
-0.348,-0.338,0.909
-0.297,-0.334,0.937
-0.314,-0.347,0.871
-0.351,-0.351,0.898
-0.398,-0.410,0.869
-0.392,-0.393,0.851

 -,-,-
1.580,-1.800,-1.177
1.884,-2.380,-2.528
0.937,-2.009,-1.297
0.453,-0.812,-0.338
-2.466,1.521,0.117
-0.837,4.000,-0.631
0.601,0.620,-0.912
0.276,-1.005,0.093
0.938,-1.231,0.082
1.293,-1.016,-0.030
0.624,-0.998,0.118
0.140,-0.808,0.202
0.187,-0.525,0.299
0.451,-0.489,0.354
0.396,-0.588,0.322
0.454,-0.471,0.292
0.265,-0.597,0.368
0.187,-0.544,0.456
-0.069,-0.662,0.407
0.697,-0.663,0.393
0.746,-0.655,0.626
0.093,-0.222,0.822
0.570,-0.795,0.896
0.107,-0.371,1.198
0.118,-0.643,1.302
-0.174,-0.420,1.480
-0.221,-0.308,1.549
-0.063,-0.270,1.436
0.053,-0.315,1.340
-0.264,-0.239,1.244
-0.344,-0.239,1.160
-0.389,-0.202,1.133
-0.292,-0.174,1.087
-0.221,-0.155,1.080
-0.223,-0.125,1.062
-0.234,-0.117,0.998
-0.192,-0.116,0.940
-0.261,-0.083,0.986
-0.136,-0.045,0.956
-0.117,-0.140,0.882
-0.154,-0.140,0.893
-0.221,-0.166,0.915
-0.188,-0.174,0.920
-0.195,-0.158,0.990
-0.100,-0.158,1.030
-0.069,-0.212,0.976
-0.218,-0.256,0.927
-0.276,-0.264,0.925
-0.224,-0.253,0.953
-0.244,-0.233,1.004
-0.207,-0.239,1.007
-0.238,-0.246,1.004
-0.228,-0.270,0.982
-0.224,-0.269,0.947
-0.223,-0.281,0.931
-0.186,-0.288,0.921
-0.259,-0.264,0.951
-0.233,-0.238,0.968
-0.176,-0.228,0.941
-0.177,-0.220,0.932
-0.199,-0.224,0.922
-0.268,-0.229,0.936
-0.220,-0.226,0.902
-0.249,-0.255,0.934
-0.252,-0.289,0.936
-0.251,-0.280,0.900
-0.271,-0.260,0.949
-0.282,-0.232,0.935
-0.278,-0.228,0.959
-0.288,-0.216,0.974
-0.289,-0.200,0.994
-0.286,-0.181,1.017
-0.267,-0.160,1.004
-0.279,-0.193,0.985
-0.300,-0.192,0.968
-0.306,-0.201,0.968
-0.318,-0.216,0.966
-0.289,-0.213,0.958
-0.314,-0.202,0.942
-0.282,-0.205,0.953
-0.318,-0.190,0.943
-0.280,-0.154,0.967
-0.278,-0.147,0.970
-0.275,-0.139,0.979
-0.261,-0.133,0.935
-0.251,-0.179,0.920
-0.286,-0.189,0.917
-0.333,-0.197,0.953
-0.339,-0.138,1.000
-0.325,-0.147,0.968
-0.340,-0.165,0.955
-0.319,-0.183,0.933
-0.325,-0.190,0.930
-0.339,-0.189,0.940
-0.351,-0.165,0.963
-0.328,-0.178,0.938
-0.364,-0.188,0.957
-0.356,-0.207,0.944
-0.424,-0.238,0.998
-0.407,-0.296,1.035

 -,-,-
-0.561,-0.460,0.998
-0.635,-0.731,0.642
0.593,-0.604,0.196
0.227,-0.678,0.599
0.504,-0.915,0.168
0.942,-1.026,0.004
1.255,-1.569,-1.304
2.106,-2.207,-2.528
1.061,-2.181,-2.082
0.826,-1.228,-0.561
-0.616,1.358,4.000
-4.000,4.000,-1.220
1.652,-1.132,-1.383
0.558,-1.144,0.865
0.594,-0.876,0.080
0.483,-0.642,0.007
0.290,-0.622,0.191
0.341,-0.775,0.302
0.312,-0.632,0.230
0.323,-0.637,0.209
0.388,-0.695,0.163
0.184,-0.628,0.244
0.319,-0.696,0.272
0.304,-0.818,0.252
0.445,-0.903,0.353
0.248,-0.902,0.394
0.155,-0.721,0.603
0.056,-0.839,0.775
-0.089,-0.708,0.802
-0.661,-0.476,1.450
-0.113,-0.427,1.744
0.459,-0.376,1.747
-0.055,-0.269,1.487
-0.220,-0.422,1.188
-0.560,-0.332,1.125
-0.258,-0.331,1.053
-0.185,-0.223,1.096
-0.082,-0.180,1.104
-0.127,-0.220,0.992
-0.265,-0.258,0.877
-0.347,-0.206,0.899
-0.282,-0.219,0.872
-0.189,-0.234,0.891
-0.240,-0.237,0.855
-0.323,-0.238,0.883
-0.274,-0.214,0.799
-0.208,-0.194,0.913
-0.146,-0.221,1.009
-0.187,-0.264,0.984
-0.262,-0.249,1.021
-0.248,-0.252,0.980
-0.236,-0.239,0.995
-0.255,-0.241,0.934
-0.287,-0.199,0.970
-0.260,-0.203,1.002
-0.289,-0.218,0.976
-0.303,-0.223,0.947
-0.275,-0.247,0.909
-0.322,-0.265,0.922
-0.321,-0.228,0.934
-0.297,-0.202,0.976
-0.302,-0.200,0.985
-0.314,-0.219,0.978
-0.277,-0.194,0.966
-0.288,-0.203,0.936
-0.308,-0.177,0.948
-0.290,-0.161,0.981
-0.303,-0.160,0.966
-0.294,-0.181,0.965
-0.306,-0.181,0.962
-0.278,-0.199,0.967
-0.260,-0.209,0.973
-0.295,-0.208,0.980
-0.274,-0.224,0.962
-0.261,-0.233,0.944
-0.306,-0.244,0.936
-0.294,-0.245,0.957
-0.299,-0.257,0.930
-0.293,-0.259,0.900
-0.292,-0.279,0.876
-0.315,-0.279,0.919
-0.324,-0.247,0.951
-0.322,-0.220,0.998
-0.272,-0.241,0.991
-0.248,-0.275,0.967
-0.252,-0.273,0.954
-0.249,-0.287,0.928
-0.264,-0.275,0.940
-0.266,-0.268,0.954
-0.277,-0.243,0.954
-0.292,-0.239,0.968
-0.267,-0.262,0.935
-0.265,-0.280,0.914
-0.263,-0.277,0.916
-0.229,-0.274,0.899
-0.259,-0.284,0.914
-0.288,-0.298,0.937
-0.303,-0.310,0.924
-0.310,-0.301,0.925
-0.282,-0.312,0.913

 -,-,-
1.112,-1.782,-1.255
1.554,-2.017,-2.385
1.333,-1.813,-1.932
0.590,-0.447,0.194
-2.347,1.584,0.476
-1.653,4.000,-1.594
1.200,-0.391,-1.936
-0.204,-1.245,0.869
0.563,-1.331,-0.046
1.073,-0.762,0.047
0.357,-0.852,0.203
0.114,-0.794,0.264
0.215,-0.640,0.323
0.125,-0.575,0.421
0.297,-0.431,0.456
0.306,-0.542,0.417
0.310,-0.304,0.392
-0.022,-0.410,0.441
0.078,-0.419,0.461
0.234,-0.794,0.488
-1.186,-0.316,0.557
0.948,-0.981,0.674
-0.030,-0.698,0.871
-0.083,-0.736,1.405
0.785,-1.125,1.366
-0.354,-0.577,1.382
-0.194,-0.566,1.359
0.033,-0.616,1.162
-0.295,-0.464,1.153
-0.124,-0.474,1.097
-0.083,-0.354,1.071
-0.133,-0.329,1.034
-0.034,-0.399,0.896
-0.334,-0.329,0.980
-0.201,-0.349,0.878
-0.127,-0.344,0.860
-0.283,-0.287,0.910
-0.289,-0.278,0.840
-0.184,-0.300,0.808
-0.114,-0.272,0.916
-0.111,-0.311,0.945
-0.226,-0.300,1.013
-0.189,-0.287,0.977
-0.221,-0.260,1.052
-0.249,-0.235,1.045
-0.229,-0.231,1.012
-0.227,-0.224,1.007
-0.226,-0.225,1.000
-0.236,-0.195,0.983
-0.202,-0.215,0.987
-0.287,-0.218,0.970
-0.237,-0.233,0.931
-0.252,-0.266,0.879
-0.259,-0.296,0.861
-0.303,-0.254,0.935
-0.279,-0.216,0.977
-0.257,-0.224,1.004
-0.397,-0.251,0.984
-0.176,-0.264,0.955
-0.038,-0.265,0.963
-0.277,-0.223,1.012
-0.321,-0.224,0.979
-0.274,-0.263,0.973
-0.280,-0.242,0.946
-0.297,-0.217,0.926
-0.248,-0.221,0.924
-0.258,-0.232,0.943
-0.262,-0.195,0.960
-0.205,-0.197,0.996
-0.216,-0.204,1.014
-0.196,-0.212,0.977
-0.181,-0.219,0.990
-0.210,-0.215,0.992
-0.208,-0.202,1.000
-0.208,-0.195,0.997
-0.215,-0.193,0.980
-0.197,-0.191,0.961
-0.211,-0.190,0.964
-0.208,-0.202,0.952
-0.198,-0.208,0.950
-0.193,-0.215,0.965
-0.208,-0.225,1.000
-0.195,-0.221,1.008
-0.225,-0.214,1.024
-0.187,-0.216,1.004
-0.129,-0.202,0.991
-0.159,-0.204,0.969
-0.200,-0.213,0.968
-0.157,-0.209,0.993
-0.163,-0.187,0.974
-0.174,-0.192,0.985
-0.160,-0.198,1.004
-0.164,-0.239,0.967
-0.219,-0.257,0.952
-0.241,-0.245,0.961
-0.235,-0.244,0.967
-0.245,-0.238,0.972
-0.242,-0.272,0.943
-0.249,-0.292,0.928
-0.271,-0.288,0.969

