 -,-,-
1.438,-1.473,-2.412
1.597,-3.269,-4.000
1.808,-1.977,-1.213
-0.027,4.000,2.933
-3.976,-3.128,-3.841
2.088,-1.481,-0.878
0.323,0.047,0.695
0.878,0.016,0.465
-0.201,-0.109,0.738
0.214,-0.615,0.064
0.142,-1.003,-0.129
0.060,-0.191,0.113
0.181,0.809,-0.055
0.852,0.703,0.519
0.626,-0.984,-0.085
1.065,-0.229,0.714
-1.812,1.981,1.894
-1.262,1.347,3.431
0.791,1.354,2.910
-0.172,0.893,2.126
-0.957,0.448,1.594
-1.450,-0.212,1.462
-0.635,-0.183,1.645
0.059,0.273,1.372
-0.056,0.347,1.044
-0.322,0.539,1.072
-0.026,0.517,0.885
0.025,0.339,0.894
0.009,0.240,0.768
0.004,0.147,0.796
-0.193,0.016,0.754
-0.122,-0.104,0.839
-0.201,-0.117,0.903
-0.188,-0.110,0.992
-0.095,-0.121,0.999
-0.157,-0.106,0.958
-0.014,-0.149,0.886
-0.179,-0.276,0.876
-0.184,-0.266,0.856
-0.200,-0.380,0.961
-0.142,-0.360,0.858
-0.332,-0.409,0.807
-0.322,-0.505,0.958
-0.368,-0.340,0.954
-0.497,-0.509,1.017
-0.225,-0.611,0.986
-0.213,-0.508,0.841
-0.323,-0.618,0.756
-0.257,-0.656,0.738
-0.328,-0.615,0.850
-0.328,-0.628,0.997
-0.149,-0.663,0.804
-0.386,-0.590,0.681
-0.300,-0.611,0.627
-0.244,-0.665,0.596
-0.237,-0.738,0.589
-0.148,-0.677,0.636
-0.206,-0.686,0.648
-0.075,-0.647,0.747
-0.017,-0.702,0.663
0.003,-0.732,0.674
0.138,-0.752,0.654
0.058,-0.802,0.510
0.038,-0.851,0.571
-0.030,-0.844,0.502
-0.101,-0.837,0.612
-0.157,-0.822,0.625
-0.179,-0.731,0.716
-0.023,-0.718,0.676
-0.008,-0.741,0.614
-0.000,-0.743,0.633
0.028,-0.694,0.637
-0.072,-0.704,0.716
-0.045,-0.701,0.649
-0.011,-0.758,0.695
0.047,-0.804,0.664
-0.033,-0.838,0.671
-0.040,-0.805,0.743
-0.058,-0.768,0.786
-0.056,-0.707,0.807
-0.060,-0.679,0.791
0.000,-0.673,0.724
-0.013,-0.643,0.707
-0.020,-0.604,0.691
0.002,-0.573,0.685
-0.052,-0.654,0.669
-0.107,-0.678,0.721
-0.094,-0.751,0.704
-0.243,-0.705,0.831
-0.225,-0.637,0.899
-0.145,-0.671,0.813
-0.172,-0.687,0.744
-0.353,-0.730,0.751
-0.209,-0.711,0.768
-0.155,-0.667,0.815
-0.173,-0.739,0.753
-0.274,-0.657,0.798
-0.235,-0.620,0.815
-0.137,-0.602,0.774
-0.177,-0.608,0.750

 -,-,-
-0.541,-1.644,0.271
-0.210,-0.498,1.715
-0.708,-0.630,0.961
-0.438,-0.524,0.925
-0.496,-0.490,1.032
-0.596,-0.550,0.874
0.504,-0.315,1.247
-0.308,-0.270,1.519
-0.635,-0.434,1.782
-0.323,-0.426,1.807
-0.675,-0.288,1.829
-0.541,-0.279,1.548
-0.257,-0.256,1.315
-0.101,-0.268,0.553
0.081,-0.292,0.106
0.548,-0.355,-0.814
0.946,-1.028,-1.853
1.774,-2.459,-4.000
1.945,-2.112,-2.024
-0.881,1.822,-2.069
-3.121,1.568,1.701
4.000,0.987,-0.109
0.259,0.025,0.186
0.333,0.188,0.679
-0.176,0.102,0.251
1.599,-1.049,0.082
0.788,-0.992,0.335
0.616,-0.602,0.460
0.380,0.060,0.588
0.902,0.550,0.488
0.189,-0.282,0.221
0.266,-0.823,0.707
0.424,-1.276,0.979
-0.610,-0.298,1.215
-0.672,-0.597,1.712
-0.892,-0.361,1.437
-1.539,-0.588,1.416
-0.791,-1.094,1.461
-1.405,-0.498,1.744
-0.870,-0.411,1.790
-0.544,0.027,1.584
-0.804,0.126,1.329
-0.304,0.080,1.028
-0.104,0.040,0.769
-0.174,0.116,0.799
-0.281,-0.099,0.630
-0.170,-0.307,0.608
-0.179,-0.380,0.591
0.194,-0.462,0.673
-0.264,-0.427,0.744
-0.102,-0.492,0.807
0.000,-0.498,0.758
-0.090,-0.528,0.723
0.127,-0.497,0.805
-0.188,-0.564,0.832
-0.478,-0.740,0.828
-0.250,-0.713,0.791
-0.274,-0.680,0.767
-0.285,-0.714,0.733
-0.065,-0.759,0.666
-0.246,-0.802,0.708
-0.194,-0.832,0.683
-0.196,-0.765,0.656
-0.313,-0.807,0.636
-0.218,-0.761,0.636
-0.231,-0.805,0.654
-0.312,-0.738,0.694
-0.278,-0.701,0.712
-0.262,-0.735,0.760
-0.261,-0.699,0.733
-0.260,-0.692,0.770
-0.230,-0.624,0.775
-0.192,-0.628,0.739
-0.206,-0.697,0.687
-0.208,-0.709,0.684
-0.181,-0.788,0.669
-0.200,-0.758,0.764
-0.076,-0.709,0.739
-0.075,-0.712,0.768
-0.011,-0.688,0.657
-0.200,-0.749,0.696
-0.176,-0.745,0.691
-0.255,-0.703,0.853
-0.339,-0.664,0.783
-0.223,-0.590,0.732
-0.091,-0.601,0.701
-0.151,-0.659,0.641
-0.164,-0.698,0.689
-0.106,-0.753,0.670
-0.076,-0.762,0.674
-0.071,-0.779,0.642
-0.083,-0.762,0.615
-0.099,-0.772,0.668
-0.117,-0.755,0.638
-0.143,-0.776,0.670
-0.173,-0.733,0.723
-0.130,-0.704,0.732
-0.107,-0.713,0.772
-0.086,-0.703,0.760
-0.089,-0.696,0.777

 -,-,-
-1.646,-1.339,0.394
-0.575,-0.846,0.848
-0.740,-0.776,1.111
-0.594,-0.542,0.964
-0.679,-0.216,1.315
-0.743,-0.299,0.813
-1.286,-0.459,0.956
0.305,-0.330,1.747
-0.767,-0.325,1.842
-0.732,-0.426,1.476
-0.282,-0.259,1.537
-0.438,-0.282,1.028
-0.227,-0.170,0.741
-0.050,-0.210,0.015
0.209,-0.302,-0.589
0.891,-0.612,-1.735
2.187,-2.371,-3.999
2.458,-2.741,-1.925
-1.905,-0.213,-2.710
-2.068,4.000,2.792
4.000,1.465,-0.142
-0.698,0.503,0.611
0.675,-0.044,0.597
-0.205,-0.881,0.086
0.241,-0.946,0.323
0.522,-1.147,0.292
0.009,-1.227,0.541
0.399,-0.662,0.893
0.408,-0.611,0.985
0.704,-0.753,0.661
0.336,-0.433,0.912
0.119,-0.531,0.841
0.167,-0.450,0.672
0.116,-0.616,0.797
-0.047,-0.488,0.633
-0.129,-0.501,0.733
-0.374,-0.416,0.806
-0.456,-0.627,0.750
-0.333,-0.482,0.922
-0.816,-0.650,1.075
-0.573,-0.737,0.952
-0.623,-0.611,0.961
-0.517,-0.638,0.934
-0.426,-0.572,0.859
-0.308,-0.617,0.774
-0.251,-0.606,0.773
-0.365,-0.637,0.696
-0.280,-0.614,0.736
-0.288,-0.618,0.725
-0.201,-0.626,0.767
-0.172,-0.627,0.791
-0.251,-0.581,0.874
-0.361,-0.660,0.847
-0.258,-0.596,0.814
-0.204,-0.591,0.758
-0.149,-0.580,0.787
-0.225,-0.674,0.658
-0.049,-0.747,0.668
-0.044,-0.708,0.606
0.088,-0.830,0.530
0.078,-0.680,0.437
0.130,-0.966,0.425
0.177,-0.738,0.372
-0.045,-0.880,0.299
0.332,-0.705,0.313
0.092,-0.972,0.212
0.343,-0.904,0.472
0.219,-1.146,0.476
0.334,-1.099,0.554
0.297,-1.012,0.615
0.252,-0.920,0.665
0.199,-0.884,0.594
0.008,-0.881,0.665
0.139,-0.839,0.634
0.134,-0.829,0.588
0.114,-0.848,0.591
0.172,-0.863,0.560
0.148,-0.865,0.585
0.157,-0.836,0.510
0.097,-0.830,0.573
0.125,-0.858,0.515
0.108,-0.847,0.531
0.140,-0.888,0.513
0.161,-0.841,0.520
0.146,-0.805,0.544
0.095,-0.775,0.582
0.226,-0.729,0.650
0.274,-0.739,0.648
0.300,-0.736,0.651
0.299,-0.743,0.671
0.261,-0.762,0.648
0.230,-0.763,0.648
0.189,-0.829,0.650
0.167,-0.820,0.661
0.154,-0.830,0.673
0.143,-0.853,0.620
0.124,-0.876,0.556
0.056,-0.844,0.537
0.095,-0.824,0.510
0.000,-0.814,0.478

 -,-,-
-1.487,-1.566,0.142
-0.580,-0.224,1.423
-1.008,-0.367,1.370
-0.494,-0.517,0.986
-0.477,-0.710,1.054
0.084,-0.430,1.637
-0.177,-0.250,1.865
-0.465,-0.485,1.670
-0.414,-0.317,1.864
-0.210,-0.358,1.663
-0.401,-0.249,1.423
-0.220,-0.235,0.977
0.048,-0.190,0.459
-0.053,-0.157,-0.234
0.389,-0.230,-0.766
1.223,-1.261,-2.532
2.439,-2.663,-3.787
1.499,-2.151,-1.651
-0.082,3.944,-0.692
-2.401,-1.151,-2.618
1.118,-0.552,-0.786
0.496,-0.365,1.124
0.761,-0.601,0.402
0.359,-0.803,0.599
-0.011,-0.961,0.281
0.490,-0.977,0.461
0.775,-0.880,0.640
0.660,-0.667,0.566
-0.165,-0.758,0.758
0.218,-0.927,0.615
-0.363,-0.755,0.916
-0.057,-0.739,0.790
-0.279,-0.650,0.777
0.035,-0.718,0.806
-0.264,-0.675,0.719
-0.211,-0.658,0.748
-0.406,-0.673,0.723
-0.342,-0.617,0.687
-0.506,-0.699,0.653
-0.341,-0.656,0.649
-0.321,-0.649,0.801
-0.520,-0.627,0.896
-0.531,-0.598,0.922
-0.555,-0.588,0.943
-0.447,-0.596,0.977
-0.435,-0.600,0.918
-0.292,-0.644,0.805
-0.259,-0.621,0.762
-0.031,-0.601,0.762
-0.438,-0.623,0.698
-0.436,-0.570,0.708
-0.333,-0.609,0.629
-0.345,-0.474,0.638
-0.148,-0.484,0.648
-0.329,-0.333,0.541
-0.422,-0.664,0.448
-0.070,-0.705,0.508
-0.134,-1.131,0.345
0.139,-1.074,0.451
-0.088,-1.042,0.458
0.217,-0.909,0.493
0.143,-0.845,0.504
-0.054,-0.906,0.499
0.014,-0.915,0.419
0.088,-0.985,0.411
0.004,-1.017,0.388
0.149,-1.025,0.495
0.234,-1.092,0.527
0.117,-1.013,0.460
0.169,-0.958,0.534
0.229,-0.892,0.524
0.054,-0.941,0.487
0.143,-0.964,0.481
0.165,-0.992,0.464
0.131,-0.954,0.517
0.157,-0.904,0.481
0.137,-0.866,0.496
0.075,-0.856,0.454
0.094,-0.858,0.465
0.134,-0.869,0.470
0.081,-0.867,0.453
0.040,-0.893,0.498
0.065,-0.880,0.496
0.091,-0.884,0.498
0.018,-0.898,0.496
0.102,-0.911,0.475
0.094,-0.906,0.445
0.039,-0.916,0.527
0.075,-0.899,0.531
0.086,-0.905,0.499
0.076,-0.913,0.466
0.045,-0.907,0.458
0.070,-0.882,0.440
0.054,-0.881,0.441
0.068,-0.866,0.465
0.131,-0.898,0.493
0.050,-0.884,0.513
0.124,-0.894,0.588
0.116,-0.887,0.591
0.104,-0.899,0.622

 -,-,-
-1.759,-1.039,1.198
-0.544,0.008,2.432
-0.431,-0.686,2.003
-0.431,-0.452,1.679
-0.405,-0.447,1.511
-0.244,-0.368,0.975
-0.323,-0.177,0.261
0.173,-0.367,-0.489
0.615,-0.466,-1.112
1.353,-1.610,-2.640
2.284,-2.915,-3.605
1.401,-1.890,-1.405
-1.373,4.000,0.272
0.140,-1.662,0.058
4.000,0.087,-0.731
0.041,0.220,0.957
1.288,-0.261,0.276
-0.032,0.130,0.056
1.779,-1.395,0.225
0.349,-0.832,0.507
0.980,-1.152,0.487
0.609,-0.673,0.586
1.196,0.007,1.028
0.501,0.063,1.031
0.147,0.259,0.795
0.189,-0.123,0.607
0.277,-0.761,0.438
0.198,-1.403,0.299
0.037,-1.403,0.687
-0.740,-1.346,0.744
-0.416,-1.320,1.088
-0.363,-1.060,1.104
-0.138,-1.209,0.773
-0.471,-0.926,0.757
-0.113,-0.821,0.728
-0.148,-0.897,0.560
-0.114,-0.846,0.451
-0.016,-0.810,0.407
0.333,-0.956,0.425
0.102,-0.860,0.440
-0.171,-0.853,0.566
0.138,-0.850,0.723
0.259,-0.767,0.676
-0.032,-0.829,0.661
0.165,-1.004,0.696
0.129,-0.904,0.483
0.150,-0.869,0.467
0.079,-0.831,0.392
0.101,-0.895,0.343
0.183,-0.914,0.359
0.223,-1.105,0.347
0.176,-1.053,0.380
0.094,-1.030,0.423
0.151,-0.958,0.401
0.164,-1.009,0.372
0.043,-0.836,0.479
0.099,-0.947,0.456
0.221,-0.882,0.401
0.170,-0.918,0.421
0.153,-0.896,0.363
0.187,-0.858,0.322
0.185,-0.876,0.294
0.289,-0.914,0.299
0.219,-0.922,0.340
0.236,-0.959,0.377
0.145,-0.911,0.375
0.161,-0.925,0.373
0.165,-0.902,0.427
0.250,-0.876,0.418
0.232,-0.860,0.360
0.259,-0.889,0.331
0.313,-0.876,0.308
0.263,-0.887,0.318
0.213,-0.903,0.317
0.291,-0.897,0.344
0.284,-0.903,0.359
0.245,-0.882,0.372
0.285,-0.905,0.378
0.255,-0.918,0.384
0.225,-0.935,0.411
0.250,-0.904,0.408
0.228,-0.908,0.396
0.244,-0.870,0.383
0.278,-0.902,0.386
0.267,-0.913,0.365
0.252,-0.928,0.372
0.202,-0.914,0.376
0.234,-0.900,0.393
0.235,-0.899,0.394
0.234,-0.903,0.389
0.235,-0.887,0.406
0.226,-0.906,0.406
0.230,-0.905,0.408
0.223,-0.915,0.423
0.225,-0.907,0.411
0.231,-0.907,0.431
0.236,-0.901,0.443
0.206,-0.915,0.471
0.209,-0.930,0.458
0.247,-0.892,0.421

 -,-,-
-1.594,-1.956,0.367
-0.885,-0.203,1.858
0.047,-0.614,1.743
-0.066,-0.670,1.476
-0.647,-0.693,1.636
-0.278,-0.534,2.024
-0.352,-0.395,1.728
-0.428,-0.304,1.128
0.005,-0.395,0.309
0.142,-0.385,-0.495
1.042,-0.503,-1.887
1.556,-1.714,-2.868
2.870,-2.284,-3.196
-0.018,-0.567,-1.304
3.351,4.000,-2.540
-0.090,-1.842,0.064
-1.424,0.031,0.620
-0.152,0.073,0.990
0.159,0.133,0.510
0.523,-1.271,0.360
0.678,-0.944,0.766
0.764,-1.150,0.471
0.526,-0.830,0.718
0.147,-0.991,0.815
0.690,-0.369,1.166
0.135,-0.179,0.835
-0.395,-0.543,0.433
-0.491,-0.579,0.145
-0.417,-1.030,0.073
-0.095,-1.605,0.017
-0.041,-1.538,-0.082
0.159,-1.652,0.210
0.266,-1.498,0.347
0.334,-1.322,0.377
0.342,-1.186,0.250
0.264,-1.034,0.247
0.249,-0.909,0.254
0.109,-0.866,0.217
0.340,-0.837,0.230
0.278,-0.990,0.252
0.291,-1.023,0.324
0.256,-0.979,0.400
-0.028,-0.979,0.503
0.915,-1.147,0.492
-0.049,-0.983,0.439
0.104,-0.872,0.388
0.245,-0.956,0.313
0.193,-0.887,0.278
0.147,-0.857,0.260
0.196,-0.818,0.197
0.254,-0.814,0.203
0.304,-0.794,0.221
0.342,-0.837,0.262
0.260,-0.937,0.269
0.240,-0.957,0.299
0.289,-0.973,0.276
0.260,-0.940,0.318
0.242,-0.860,0.316
0.220,-0.864,0.321
0.328,-0.877,0.363
0.362,-0.903,0.308
0.290,-0.928,0.313
0.318,-0.909,0.285
0.297,-0.908,0.308
0.334,-0.894,0.326
0.368,-0.932,0.322
0.365,-0.945,0.341
0.319,-0.958,0.342
0.337,-0.903,0.350
0.328,-0.908,0.336
0.323,-0.908,0.291
0.328,-0.923,0.265
0.300,-0.887,0.269
0.276,-0.863,0.276
0.299,-0.871,0.304
0.280,-0.884,0.322
0.326,-0.917,0.331
0.358,-0.927,0.355
0.360,-0.913,0.365
0.327,-0.903,0.385
0.318,-0.905,0.368
0.298,-0.883,0.394
0.255,-0.858,0.368
0.257,-0.846,0.343
0.289,-0.861,0.328
0.301,-0.929,0.352
0.355,-0.952,0.368
0.328,-0.975,0.393
0.265,-0.939,0.412
0.266,-0.918,0.456
0.320,-0.875,0.415
0.325,-0.788,0.441
0.364,-0.764,0.433
0.387,-0.735,0.414
0.391,-0.753,0.390
0.419,-0.786,0.412
0.420,-0.835,0.458
0.388,-0.865,0.518
0.394,-0.851,0.531
0.312,-0.823,0.516

 -,-,-
-0.844,-1.559,0.639
-1.026,-0.580,1.187
-0.625,-0.629,1.600
-0.438,-0.729,1.629
-0.794,-0.683,1.784
-0.434,-0.512,2.168
-0.492,-0.585,1.648
-0.489,-0.460,1.133
0.095,-0.396,0.464
0.002,-0.243,-0.263
0.353,-0.310,-1.209
1.772,-1.319,-3.077
1.960,-2.758,-3.612
1.511,-1.661,-1.650
0.174,4.000,1.220
-1.444,-1.959,-0.503
2.119,-0.645,-0.412
-0.747,-0.049,0.595
1.006,-0.075,0.330
-0.040,-0.881,0.139
0.392,-1.246,0.260
0.843,-1.221,0.673
0.597,-1.293,0.593
0.236,-0.973,0.764
0.960,-0.701,0.828
0.323,-0.695,0.669
0.348,-0.903,0.628
0.204,-0.682,0.544
0.232,-0.758,0.569
-0.020,-0.788,0.484
-0.235,-0.807,0.479
-0.237,-0.773,0.541
-0.169,-0.854,0.497
0.005,-0.904,0.504
-0.292,-0.838,0.534
-0.101,-0.893,0.524
-0.217,-0.905,0.484
-0.179,-0.823,0.543
-0.272,-0.907,0.508
-0.187,-0.825,0.556
-0.332,-0.899,0.568
-0.156,-0.855,0.608
-0.305,-0.840,0.614
-0.292,-0.813,0.623
-0.279,-0.825,0.601
-0.242,-0.809,0.592
-0.212,-0.830,0.548
-0.162,-0.821,0.570
-0.157,-0.845,0.572
-0.174,-0.820,0.561
-0.233,-0.777,0.570
-0.292,-0.778,0.527
-0.201,-0.769,0.517
-0.146,-0.835,0.506
-0.022,-0.787,0.574
0.008,-0.816,0.581
0.056,-0.813,0.627
-0.132,-0.882,0.596
0.116,-0.809,0.640
-0.070,-0.844,0.580
0.008,-0.810,0.593
0.040,-0.830,0.517
-0.033,-0.810,0.498
0.072,-0.871,0.481
0.053,-0.817,0.477
0.075,-0.988,0.392
-0.010,-0.888,0.436
0.095,-1.006,0.475
0.011,-0.888,0.425
-0.080,-0.973,0.446
0.008,-0.908,0.469
-0.040,-0.976,0.454
-0.134,-0.922,0.471
-0.032,-0.903,0.493
-0.120,-0.943,0.483
-0.139,-0.842,0.486
-0.047,-0.891,0.514
-0.133,-0.890,0.501
-0.053,-0.945,0.453
0.056,-0.929,0.429
-0.017,-0.944,0.445
-0.018,-0.988,0.423
0.014,-0.973,0.442
0.027,-0.969,0.441
0.049,-1.002,0.447
0.070,-1.032,0.469
0.102,-1.043,0.414
0.100,-0.994,0.421
0.033,-0.934,0.452
0.048,-0.876,0.459
0.016,-0.883,0.423
0.016,-0.897,0.387
0.003,-0.910,0.372
0.050,-0.927,0.336
0.054,-0.918,0.330
0.044,-0.920,0.363
0.011,-0.942,0.337
0.018,-0.946,0.338
0.022,-0.945,0.358
0.002,-0.917,0.372

 -,-,-
-0.860,-1.559,1.023
-0.826,-0.058,1.751
0.013,-0.682,1.527
-0.220,-0.623,1.632
-0.480,-0.689,1.790
-0.025,-0.648,1.796
-0.317,-0.499,1.538
-0.073,-0.406,1.037
-0.154,-0.295,0.541
0.154,-0.300,-0.147
0.464,-0.376,-0.686
1.224,-1.133,-2.456
2.471,-2.235,-3.401
2.889,-1.733,-2.412
-1.727,1.229,-1.490
-3.284,2.629,-0.010
2.798,-0.921,0.622
2.369,-0.281,0.512
0.415,-0.236,0.754
0.057,-0.832,0.302
0.365,-0.958,0.685
0.175,-1.130,0.435
0.325,-1.076,0.830
0.863,-1.219,0.576
0.544,-0.809,0.642
0.215,-0.823,0.797
0.273,-0.761,0.617
-0.232,-0.749,0.776
-0.036,-0.776,0.658
-0.045,-0.986,0.587
-0.164,-0.791,0.628
-0.146,-0.830,0.580
-0.190,-0.784,0.505
-0.206,-0.838,0.573
0.045,-0.893,0.505
-0.273,-0.837,0.530
-0.174,-0.845,0.591
-0.225,-0.872,0.596
-0.190,-0.824,0.632
-0.224,-0.840,0.599
-0.284,-0.843,0.573
-0.224,-0.897,0.501
-0.194,-0.906,0.423
-0.152,-0.868,0.499
-0.088,-0.828,0.539
-0.102,-0.878,0.504
-0.172,-0.826,0.513
-0.070,-0.848,0.540
-0.203,-0.812,0.557
-0.041,-0.823,0.607
-0.081,-0.818,0.652
-0.073,-0.770,0.654
-0.138,-0.827,0.646
-0.105,-0.750,0.640
-0.090,-0.825,0.678
-0.163,-0.734,0.629
-0.187,-0.807,0.657
-0.125,-0.743,0.625
-0.109,-0.780,0.678
-0.166,-0.759,0.609
-0.078,-0.768,0.675
-0.049,-0.816,0.752
-0.031,-0.784,0.708
-0.029,-0.774,0.700
-0.087,-0.783,0.630
-0.168,-0.724,0.640
-0.072,-0.767,0.655
-0.136,-0.750,0.654
-0.099,-0.726,0.681
-0.075,-0.724,0.720
-0.049,-0.708,0.724
0.011,-0.726,0.772
0.041,-0.717,0.774
0.006,-0.716,0.752
0.078,-0.742,0.738
-0.023,-0.747,0.705
0.008,-0.718,0.687
-0.040,-0.736,0.715
-0.054,-0.702,0.700
-0.100,-0.719,0.662
-0.186,-0.690,0.691
-0.120,-0.709,0.668
-0.103,-0.695,0.682
-0.119,-0.704,0.701
-0.096,-0.735,0.675
-0.081,-0.736,0.680
-0.116,-0.752,0.710
-0.039,-0.767,0.729
-0.021,-0.756,0.694
-0.166,-0.757,0.721
-0.149,-0.728,0.752
-0.047,-0.740,0.749
-0.049,-0.722,0.765
-0.059,-0.728,0.774
-0.058,-0.758,0.755
-0.030,-0.713,0.763
-0.034,-0.705,0.758
-0.049,-0.719,0.738
-0.020,-0.724,0.734
-0.001,-0.709,0.704

 -,-,-
0.275,-0.696,0.359
1.808,1.025,1.595
-0.806,-0.130,1.880
-0.805,-0.669,1.691
-0.855,-0.394,1.882
-0.937,-0.381,2.247
-0.667,-0.286,1.821
-0.721,-0.450,1.701
-0.587,-0.384,1.355
-0.309,-0.294,1.010
-0.250,-0.232,0.274
0.026,-0.184,-0.499
0.624,-0.168,-1.183
1.558,-1.468,-3.193
1.553,-2.875,-3.654
2.710,-2.080,-1.911
-1.898,4.000,-0.817
-2.200,-2.165,-3.058
-1.617,-0.540,-0.417
-0.059,-0.068,0.776
0.316,-0.193,0.494
0.426,-0.716,0.571
0.371,-1.427,0.394
0.736,-1.158,0.715
0.316,-1.167,0.887
0.463,-0.905,0.760
0.254,-0.983,0.758
0.040,-0.958,0.648
0.179,-0.972,0.712
-0.043,-0.893,0.585
-0.119,-0.845,0.446
-0.029,-0.892,0.494
-0.076,-0.842,0.379
-0.094,-0.882,0.352
0.146,-0.933,0.371
-0.139,-0.916,0.428
0.242,-0.889,0.407
-0.050,-0.926,0.454
0.100,-0.917,0.447
-0.004,-0.916,0.491
0.012,-0.863,0.496
-0.118,-0.897,0.490
-0.120,-0.882,0.492
-0.157,-0.863,0.543
-0.306,-0.853,0.569
-0.203,-0.849,0.517
0.117,-0.888,0.530
-0.197,-0.794,0.529
-0.188,-0.815,0.501
-0.113,-0.867,0.564
-0.068,-0.903,0.581
-0.098,-0.904,0.584
-0.083,-0.856,0.589
-0.042,-0.844,0.538
-0.103,-0.864,0.488
-0.114,-0.837,0.504
-0.207,-0.885,0.496
-0.164,-0.864,0.512
-0.184,-0.873,0.544
-0.202,-0.830,0.520
-0.129,-0.838,0.536
-0.126,-0.892,0.479
-0.116,-0.871,0.488
-0.141,-0.825,0.501
-0.116,-0.884,0.505
-0.115,-0.864,0.532
-0.152,-0.799,0.597
-0.170,-0.833,0.635
-0.103,-0.788,0.585
-0.183,-0.854,0.522
0.012,-0.781,0.611
-0.113,-0.904,0.551
-0.023,-0.826,0.572
-0.092,-0.916,0.570
-0.008,-0.927,0.565
-0.094,-0.877,0.571
-0.096,-0.864,0.587
-0.083,-0.794,0.639
-0.080,-0.842,0.649
-0.059,-0.808,0.645
-0.073,-0.808,0.646
-0.071,-0.836,0.626
-0.047,-0.854,0.596
-0.068,-0.859,0.562
-0.053,-0.813,0.557
-0.009,-0.846,0.543
-0.073,-0.815,0.574
-0.006,-0.807,0.596
0.022,-0.840,0.659
0.011,-0.829,0.648
0.006,-0.799,0.623
0.010,-0.787,0.607
-0.015,-0.802,0.583
-0.031,-0.798,0.589
0.013,-0.796,0.611
-0.036,-0.799,0.651
0.014,-0.807,0.679
-0.048,-0.810,0.670
-0.074,-0.778,0.677
-0.048,-0.760,0.682

 -,-,-
0.747,-0.496,1.005
0.046,-0.317,1.447
-1.526,-0.160,1.251
-0.961,-1.423,1.252
-1.038,-0.348,2.210
-0.547,-0.611,2.182
-0.702,-0.554,1.912
-0.640,-0.554,1.723
-0.411,-0.342,1.027
-0.103,-0.104,0.604
0.040,-0.288,-0.236
0.410,-0.243,-0.665
1.171,-1.042,-2.157
2.938,-2.282,-3.612
1.193,-1.598,-1.639
-2.031,0.922,-1.912
-1.144,1.473,-1.162
1.493,-0.964,0.168
2.800,-0.489,0.468
0.661,-0.446,0.486
0.073,-0.935,0.372
0.413,-1.136,0.476
-0.900,-0.722,0.138
0.513,-1.224,0.637
0.257,-0.886,0.653
0.465,-0.706,0.552
0.256,-0.814,0.666
0.073,-0.717,0.605
0.169,-0.707,0.610
-0.089,-0.721,0.678
0.002,-0.801,0.551
0.023,-0.710,0.645
-0.349,-0.694,0.652
-0.166,-0.704,0.570
-0.242,-0.616,0.667
-0.365,-0.608,0.629
-0.926,-0.553,0.783
-0.707,-0.469,0.815
-1.097,-0.525,1.016
-0.541,-0.619,0.857
-0.742,-0.570,0.944
-0.818,-0.601,0.842
-0.518,-0.591,0.743
-0.564,-0.546,0.699
-0.358,-0.593,0.665
-0.519,-0.581,0.684
-0.406,-0.622,0.685
-0.351,-0.653,0.673
-0.371,-0.604,0.679
-0.364,-0.621,0.754
-0.457,-0.590,0.692
-0.277,-0.646,0.671
-0.278,-0.687,0.674
-0.273,-0.719,0.640
-0.209,-0.748,0.645
-0.330,-0.753,0.652
-0.306,-0.732,0.695
-0.216,-0.722,0.791
-0.214,-0.753,0.772
-0.250,-0.811,0.648
-0.199,-0.833,0.605
-0.140,-0.794,0.549
-0.138,-0.730,0.608
-0.142,-0.756,0.588
-0.181,-0.783,0.550
-0.112,-0.817,0.583
-0.003,-0.814,0.594
-0.101,-0.791,0.599
0.000,-0.784,0.591
0.079,-0.739,0.631
-0.054,-0.765,0.682
0.050,-0.786,0.741
-0.076,-0.810,0.743
-0.072,-0.783,0.748
-0.099,-0.746,0.731
-0.087,-0.713,0.718
-0.112,-0.774,0.684
-0.094,-0.740,0.689
-0.087,-0.778,0.722
-0.211,-0.750,0.669
-0.132,-0.691,0.685
-0.099,-0.756,0.657
-0.102,-0.731,0.630
-0.043,-0.759,0.653
-0.060,-0.703,0.704
-0.121,-0.715,0.706
-0.111,-0.687,0.682
-0.078,-0.740,0.694
-0.124,-0.728,0.677
-0.050,-0.760,0.734
-0.141,-0.684,0.686
-0.165,-0.711,0.754
-0.124,-0.711,0.682
-0.132,-0.762,0.719
-0.072,-0.753,0.707
-0.076,-0.739,0.709
-0.077,-0.728,0.710
-0.051,-0.727,0.709
-0.030,-0.733,0.721
0.022,-0.731,0.737

 -,-,-
-0.595,-2.208,0.643
-0.842,-0.535,1.625
0.094,-0.752,1.421
-0.436,-0.697,1.758
-0.656,-0.703,1.598
-0.356,-0.565,1.947
-0.379,-0.328,1.352
-0.331,-0.196,0.715
-0.053,-0.316,-0.378
0.473,-0.327,-0.713
1.232,-0.961,-2.381
2.005,-2.643,-4.000
2.849,-2.128,-2.323
-1.590,2.422,-1.761
0.945,2.341,-0.548
4.000,-0.155,-0.624
-0.319,0.284,0.571
0.169,-0.012,0.470
0.347,-0.154,0.566
0.868,-1.091,0.417
0.364,-1.278,0.752
0.778,-1.478,0.700
0.000,-1.096,0.589
0.682,-0.806,0.766
0.207,-0.635,1.033
0.298,-0.570,0.748
-0.328,-0.653,0.758
-0.081,-0.769,0.579
-0.312,-0.788,0.552
0.195,-0.918,0.566
-0.476,-0.772,0.543
-0.255,-0.722,0.536
-0.384,-0.796,0.616
-0.257,-0.806,0.606
-0.368,-0.831,0.614
-0.180,-0.870,0.683
-0.279,-0.881,0.609
-0.405,-0.873,0.645
-0.323,-0.878,0.574
-0.292,-0.855,0.600
-0.155,-0.853,0.570
-0.200,-0.813,0.547
-0.208,-0.767,0.557
-0.180,-0.838,0.585
-0.122,-0.848,0.586
-0.193,-0.820,0.630
-0.268,-0.802,0.641
-0.216,-0.829,0.628
-0.152,-0.790,0.584
-0.172,-0.810,0.605
-0.128,-0.890,0.586
-0.107,-0.905,0.536
-0.130,-0.832,0.603
-0.118,-0.779,0.580
-0.131,-0.836,0.568
-0.159,-0.821,0.558
-0.125,-0.846,0.545
-0.112,-0.827,0.534
-0.114,-0.846,0.523
-0.106,-0.809,0.500
-0.166,-0.810,0.543
-0.214,-0.779,0.544
-0.078,-0.721,0.557
-0.130,-0.724,0.594
-0.096,-0.663,0.764
-0.078,-0.730,0.697
-0.106,-0.628,0.709
-0.119,-0.648,0.714
-0.235,-0.557,0.864
-0.167,-0.581,0.957
-0.085,-0.606,1.003
-0.076,-0.573,0.981
-0.048,-0.555,1.002
0.001,-0.602,0.981
-0.005,-0.593,1.055
-0.084,-0.581,1.038
-0.109,-0.542,1.015
-0.047,-0.590,0.968
-0.097,-0.661,0.824
-0.187,-0.609,0.802
-0.169,-0.579,0.741
-0.163,-0.601,0.717
-0.096,-0.578,0.648
-0.153,-0.665,0.614
-0.033,-0.721,0.698
-0.011,-0.629,0.848
-0.018,-0.672,0.898
0.015,-0.663,0.922
-0.043,-0.661,0.910
-0.065,-0.647,0.884
-0.050,-0.649,0.808
-0.113,-0.647,0.791
-0.086,-0.660,0.776
-0.072,-0.641,0.793
-0.037,-0.676,0.775
-0.066,-0.668,0.763
-0.027,-0.660,0.736
-0.064,-0.645,0.777
-0.030,-0.657,0.766
-0.090,-0.670,0.754

 -,-,-
0.120,-0.515,1.558
-1.656,-0.120,1.721
0.030,-0.541,1.616
-0.455,-0.344,1.585
-0.354,-0.634,1.863
-0.174,-0.559,2.025
-0.349,-0.542,1.776
-0.318,-0.418,1.124
-0.031,-0.300,0.408
0.214,-0.294,-0.422
0.635,-0.623,-1.314
2.414,-1.982,-3.829
1.903,-2.383,-2.869
-1.241,0.272,-0.938
-2.138,4.000,2.287
-0.455,0.268,1.121
1.211,-0.978,-0.316
0.199,0.024,0.802
0.016,-0.607,0.298
0.399,-0.701,0.473
0.381,-0.955,0.489
0.780,-1.153,0.447
0.395,-1.197,0.626
0.678,-0.873,0.934
0.429,-0.905,0.978
0.419,-0.762,0.883
0.670,-0.647,0.910
-0.019,-0.470,0.784
0.048,-0.643,0.628
-0.264,-0.675,0.688
-0.402,-0.648,0.576
-0.401,-0.609,0.676
-0.626,-0.670,0.816
-0.553,-0.714,0.696
-0.471,-0.750,0.730
-0.392,-0.687,0.732
-0.395,-0.762,0.760
-0.210,-0.715,0.703
-0.408,-0.719,0.600
-0.331,-0.713,0.634
-0.340,-0.677,0.713
-0.285,-0.714,0.747
-0.310,-0.677,0.729
-0.281,-0.670,0.779
-0.234,-0.668,0.827
-0.160,-0.667,0.838
-0.242,-0.657,0.857
-0.170,-0.659,0.815
-0.214,-0.663,0.801
-0.128,-0.669,0.782
-0.187,-0.652,0.746
-0.144,-0.653,0.696
-0.212,-0.672,0.626
-0.113,-0.652,0.646
-0.220,-0.650,0.703
-0.193,-0.658,0.753
-0.128,-0.656,0.899
-0.165,-0.651,0.943
-0.233,-0.638,0.927
-0.208,-0.592,0.899
-0.174,-0.594,0.829
-0.235,-0.584,0.779
-0.290,-0.560,0.822
-0.225,-0.590,0.839
-0.180,-0.530,0.875
-0.221,-0.570,0.875
-0.157,-0.543,0.886
-0.081,-0.531,0.923
-0.101,-0.514,0.935
-0.063,-0.510,0.950
-0.145,-0.439,0.993
-0.054,-0.461,0.987
0.024,-0.432,0.954
-0.029,-0.456,0.918
-0.011,-0.509,0.845
0.018,-0.552,0.826
0.019,-0.573,0.843
-0.052,-0.568,0.814
-0.055,-0.562,0.816
0.053,-0.596,0.859
-0.059,-0.591,0.885
-0.104,-0.531,0.905
-0.035,-0.566,0.963
0.052,-0.617,1.048
-0.077,-0.519,0.989
-0.107,-0.502,0.835
-0.062,-0.477,0.778
0.039,-0.646,0.759
0.074,-0.556,0.806
-0.049,-0.571,0.867
-0.043,-0.528,0.859
-0.023,-0.656,0.875
0.033,-0.554,0.926
-0.141,-0.612,0.971
-0.114,-0.529,0.918
-0.193,-0.595,0.917
-0.099,-0.524,0.957
-0.260,-0.446,0.867
-0.426,-0.475,0.764
-0.209,-0.489,0.794

 -,-,-
-0.022,-0.005,0.196
0.081,-0.728,0.245
1.424,-0.411,1.460
0.960,-0.197,1.487
-1.212,-0.237,1.515
-0.891,-2.379,1.719
-0.071,-0.458,1.718
-0.802,-0.764,2.107
0.007,-0.474,2.013
-0.268,-0.640,1.826
-0.157,-0.368,1.327
-0.371,-0.193,0.792
0.003,-0.198,-0.015
0.326,-0.148,-0.635
0.853,-0.519,-1.926
2.392,-2.096,-3.287
2.836,-2.312,-2.709
0.094,0.119,-0.002
1.131,4.000,3.061
4.000,-1.143,1.245
1.037,0.309,0.086
0.527,-0.096,0.898
-0.201,0.162,0.518
0.030,-0.414,0.640
0.670,-1.039,0.635
0.639,-1.053,0.555
1.208,-1.887,0.642
0.608,-0.750,0.918
0.263,-0.548,1.437
0.149,-0.494,0.871
-0.259,-0.599,0.728
-0.361,-0.474,0.575
-0.596,-0.660,0.721
-0.526,-0.640,0.667
-0.405,-0.719,0.795
-0.556,-0.705,0.801
-0.342,-0.724,0.786
-0.386,-0.626,0.869
-0.329,-0.714,0.708
-0.445,-0.680,0.740
-0.276,-0.751,0.665
-0.318,-0.674,0.733
-0.210,-0.697,0.705
-0.438,-0.614,0.769
-0.200,-0.659,0.741
-0.259,-0.646,0.743
-0.000,-0.658,0.735
-0.290,-0.653,0.769
-0.127,-0.662,0.815
-0.151,-0.655,0.779
-0.209,-0.663,0.780
-0.153,-0.626,0.742
-0.201,-0.683,0.747
-0.106,-0.676,0.862
-0.161,-0.715,0.794
-0.181,-0.584,0.800
-0.134,-0.630,0.753
-0.168,-0.548,0.766
-0.050,-0.744,0.833
0.006,-0.756,0.830
0.022,-0.683,0.974
-0.035,-0.608,0.807
-0.155,-0.607,0.691
-0.073,-0.674,0.764
0.031,-0.668,0.791
-0.177,-0.633,0.858
-0.094,-0.539,0.842
-0.145,-0.593,0.787
-0.196,-0.730,0.723
-0.151,-0.734,0.741
-0.267,-0.702,0.721
-0.183,-0.763,0.684
-0.126,-0.887,0.696
-0.288,-0.778,0.697
-0.292,-0.719,0.616
-0.143,-0.733,0.610
-0.170,-0.784,0.721
-0.059,-0.840,0.680
-0.182,-0.802,0.651
-0.197,-0.733,0.550
-0.123,-0.640,0.695
-0.105,-0.715,0.716
-0.018,-0.672,0.799
0.005,-0.722,0.800
-0.191,-0.532,0.792
-0.146,-0.602,0.819
0.038,-0.490,0.895
-0.266,-0.427,0.809
-0.141,-0.719,0.756
-0.200,-0.626,0.891
-0.129,-0.574,0.994
0.024,-0.537,1.018
-0.035,-0.495,0.995
0.005,-0.496,0.942
0.089,-0.532,0.883
0.175,-0.626,0.772
0.097,-0.688,0.736
0.047,-0.732,0.698
-0.047,-0.615,0.719
-0.067,-0.713,0.713

 -,-,-
0.687,-1.317,1.462
-0.048,-1.282,0.974
0.507,-1.021,0.938
-0.009,-0.935,0.479
-0.018,-0.580,1.776
-0.089,-0.708,1.677
0.209,-0.663,1.798
-0.212,-0.949,1.685
-0.532,-0.849,1.803
-0.425,-0.766,1.456
-0.317,-0.395,1.141
0.026,-0.337,0.025
0.292,-0.359,-0.805
1.007,-1.004,-1.731
2.282,-2.731,-3.623
3.950,-2.123,-2.477
-1.742,1.044,-2.056
-0.170,4.000,2.675
4.000,0.410,-0.184
-0.276,0.339,0.294
1.343,-0.134,0.790
-0.032,-0.863,0.099
0.570,-0.987,0.329
0.704,-1.230,0.451
1.030,-1.391,0.425
0.569,-1.139,0.729
0.900,-0.491,1.102
0.323,-0.363,1.081
0.246,-0.520,0.963
0.189,-0.626,0.932
-0.294,-0.572,0.891
-0.545,-0.548,0.818
2.804,-1.165,1.000
-1.203,-0.401,0.866
-0.386,-0.543,0.757
-0.151,-0.809,0.747
-0.230,-0.741,0.655
-0.172,-0.786,0.677
-0.338,-0.704,0.618
-0.126,-0.741,0.721
-0.165,-0.726,0.658
-0.209,-0.694,0.664
-0.059,-0.769,0.660
-0.091,-0.719,0.665
-0.139,-0.723,0.650
-0.009,-0.701,0.646
-0.127,-0.698,0.677
-0.121,-0.692,0.668
-0.095,-0.707,0.730
-0.130,-0.734,0.656
-0.083,-0.584,0.757
-0.125,-0.481,0.885
-0.085,-0.554,0.831
-0.157,-0.742,0.825
0.009,-0.599,0.931
-0.099,-0.608,0.764
0.056,-0.501,1.001
-0.080,-0.510,0.990
-0.119,-0.525,1.005
-0.063,-0.546,0.990
-0.109,-0.568,1.001
-0.083,-0.572,0.963
-0.160,-0.543,0.887
-0.205,-0.462,0.807
-0.214,-0.511,0.798
-0.224,-0.501,0.799
-0.148,-0.569,0.853
-0.141,-0.560,0.932
-0.134,-0.560,0.969
-0.127,-0.505,0.969
-0.092,-0.490,0.912
-0.141,-0.512,0.891
-0.100,-0.521,0.875
-0.122,-0.546,0.899
-0.061,-0.552,0.855
-0.132,-0.568,0.848
-0.054,-0.586,0.782
-0.117,-0.584,0.721
-0.059,-0.596,0.692
-0.061,-0.605,0.708
-0.036,-0.640,0.774
0.004,-0.624,0.806
-0.017,-0.651,0.852
-0.016,-0.698,0.778
-0.063,-0.721,0.811
-0.065,-0.692,0.850
-0.100,-0.656,0.895
-0.028,-0.661,0.825
-0.049,-0.580,0.852
-0.078,-0.626,0.741
-0.005,-0.654,0.695
-0.016,-0.661,0.792
-0.125,-0.623,0.830
-0.071,-0.622,0.819
-0.082,-0.631,0.775
-0.120,-0.643,0.740
-0.107,-0.656,0.752
-0.072,-0.640,0.809
-0.094,-0.629,0.828
-0.062,-0.641,0.809

 -,-,-
-1.045,-0.874,0.536
-0.605,-0.702,0.870
-0.305,-0.418,0.934
0.079,-0.039,1.670
-0.337,-0.304,1.204
-0.504,-0.428,0.938
-0.318,-0.407,1.108
-0.151,-0.388,1.147
-0.190,-0.337,1.176
-0.269,-0.489,1.361
-0.150,-0.512,1.423
-0.298,-0.560,1.517
-0.018,-0.727,1.535
-0.312,-0.702,1.346
-0.181,-0.642,1.103
-0.103,-0.475,0.444
0.155,-0.282,-0.174
0.394,-0.350,-0.993
0.931,-0.623,-1.909
2.437,-1.790,-3.775
2.189,-1.911,-2.741
-0.895,0.600,-1.633
1.205,4.000,2.569
2.683,-0.457,0.685
-0.312,-0.434,0.303
1.060,-0.026,0.851
-0.156,-0.500,0.203
0.645,-0.615,0.357
0.367,-1.266,0.443
1.812,-1.472,0.247
-0.040,-0.873,0.435
0.849,-0.802,0.257
0.090,-0.292,0.604
0.005,-0.237,0.764
-0.043,0.160,0.677
-0.146,-0.372,0.680
-0.213,-0.093,0.601
0.201,-0.720,0.622
0.513,-1.283,0.747
0.150,-1.136,0.611
-0.222,-1.183,0.702
-0.064,-1.024,1.064
-0.066,-1.007,1.158
-0.331,-1.015,1.057
-0.079,-0.806,1.191
0.025,-0.929,1.117
-0.089,-0.813,1.016
0.058,-0.748,0.968
0.013,-0.555,0.965
-0.090,-0.432,0.934
0.038,-0.451,0.879
-0.081,-0.481,0.828
-0.073,-0.476,0.849
0.039,-0.452,0.855
0.022,-0.454,0.828
0.125,-0.537,0.821
0.250,-0.523,0.800
0.147,-0.554,0.781
0.113,-0.538,0.795
0.119,-0.505,0.792
0.064,-0.538,0.796
0.063,-0.559,0.796
0.103,-0.575,0.850
0.094,-0.592,0.846
0.055,-0.625,0.810
0.070,-0.607,0.812
0.129,-0.604,0.796
0.070,-0.638,0.778
0.019,-0.620,0.770
-0.009,-0.663,0.729
-0.053,-0.726,0.658
-0.061,-0.724,0.638
-0.145,-0.719,0.622
-0.203,-0.623,0.676
-0.238,-0.665,0.737
-0.250,-0.670,0.828
-0.138,-0.674,0.943
-0.093,-0.718,0.912
-0.091,-0.708,0.892
-0.116,-0.696,0.871
-0.046,-0.691,0.869
-0.083,-0.629,0.824
-0.061,-0.630,0.754
-0.005,-0.592,0.746
0.004,-0.580,0.789
-0.057,-0.606,0.798
-0.031,-0.640,0.790
-0.075,-0.619,0.792
-0.054,-0.603,0.813
0.008,-0.583,0.823
-0.080,-0.594,0.842
-0.056,-0.603,0.842
-0.063,-0.571,0.831
-0.071,-0.593,0.864
-0.077,-0.622,0.848
-0.069,-0.626,0.841
-0.084,-0.607,0.884
-0.095,-0.617,0.880
-0.067,-0.599,0.854
-0.104,-0.612,0.828

 -,-,-
1.721,-1.662,-2.011
2.271,-3.049,-3.424
0.274,-1.321,-2.061
0.463,4.000,-1.727
-0.689,-2.246,0.107
-2.391,0.374,0.211
0.339,-0.212,0.852
0.056,-0.270,0.547
0.183,-0.394,0.411
0.281,-1.309,0.324
0.641,-0.937,0.742
0.752,-1.141,0.591
0.721,-0.953,1.016
0.539,-0.648,1.286
0.265,-0.589,0.966
0.091,-0.506,0.892
0.106,-0.576,0.920
-0.144,-0.683,0.834
-0.139,-0.625,0.842
-0.107,-0.564,0.803
-0.130,-0.627,0.863
-0.144,-0.586,0.842
-0.222,-0.624,0.907
-0.132,-0.680,0.935
-0.006,-0.644,0.969
0.023,-0.646,0.968
0.035,-0.664,0.920
0.011,-0.627,0.894
0.012,-0.678,0.803
0.021,-0.677,0.751
-0.045,-0.664,0.722
-0.029,-0.661,0.663
-0.058,-0.628,0.638
-0.088,-0.698,0.615
-0.046,-0.703,0.655
-0.026,-0.657,0.661
-0.073,-0.701,0.705
-0.078,-0.657,0.769
-0.030,-0.628,0.808
-0.153,-0.528,0.811
0.023,-0.571,0.826
-0.130,-0.580,0.805
-0.050,-0.607,0.846
0.032,-0.676,0.770
-0.114,-0.640,0.799
-0.018,-0.680,0.768
-0.036,-0.654,0.778
-0.002,-0.640,0.732
-0.072,-0.682,0.777
-0.084,-0.731,0.702
-0.125,-0.740,0.732
0.023,-0.697,0.717
0.010,-0.751,0.704
0.017,-0.690,0.678
-0.063,-0.782,0.643
0.009,-0.740,0.641
0.093,-0.736,0.568
-0.037,-0.815,0.548
0.106,-0.771,0.595
0.093,-0.826,0.546
0.019,-0.779,0.561
0.139,-0.791,0.557
0.041,-0.770,0.534
0.063,-0.756,0.568
0.146,-0.743,0.541
0.072,-0.827,0.589
0.131,-0.703,0.606
0.124,-0.878,0.556
0.132,-0.810,0.612
0.182,-0.888,0.581
0.168,-0.863,0.625
0.145,-0.829,0.596
0.084,-0.858,0.628
0.154,-0.770,0.643
0.080,-0.824,0.626
0.082,-0.752,0.599
0.042,-0.739,0.656
0.074,-0.722,0.620
0.021,-0.667,0.640
0.048,-0.638,0.689
0.062,-0.696,0.657
-0.025,-0.779,0.770
0.069,-0.848,0.753
-0.058,-0.845,0.876
-0.120,-0.757,0.880
-0.204,-0.661,0.890
-0.211,-0.655,0.839
-0.083,-0.640,0.799
-0.127,-0.630,0.835
-0.131,-0.618,0.797
-0.203,-0.615,0.811
-0.139,-0.605,0.792
-0.230,-0.549,0.829
0.184,-0.636,0.826
-0.188,-0.486,0.872
-0.155,-0.539,0.859
-0.076,-0.550,0.912
-0.147,-0.555,0.851
-0.142,-0.546,0.842
-0.155,-0.538,0.795

 -,-,-
2.478,-1.719,-3.488
1.827,-2.502,-3.445
0.235,-0.931,-0.743
-4.000,4.000,1.258
-3.988,-0.743,0.462
1.876,-0.482,-0.221
-0.959,0.456,0.724
0.497,-0.055,0.768
0.639,-0.781,0.220
-0.199,-1.275,0.656
1.290,-1.876,0.153
0.521,-1.030,0.652
0.442,-1.004,0.625
0.556,-0.809,0.986
0.537,-0.757,0.691
0.105,-0.803,0.681
0.436,-0.691,0.540
0.106,-0.708,0.511
0.105,-0.855,0.373
0.183,-0.773,0.458
0.123,-0.832,0.407
0.740,-1.050,0.394
-0.140,-0.822,0.461
0.098,-0.925,0.508
0.179,-0.863,0.626
0.181,-0.855,0.596
0.129,-1.068,0.518
0.090,-0.798,0.554
0.113,-0.891,0.479
0.193,-0.860,0.458
0.082,-0.834,0.490
-0.029,-0.862,0.511
0.138,-0.819,0.536
0.063,-0.807,0.578
0.091,-0.792,0.547
0.223,-0.855,0.552
0.156,-0.839,0.596
0.166,-0.747,0.628
0.116,-0.786,0.518
0.195,-0.879,0.494
0.174,-0.868,0.519
0.114,-0.832,0.546
0.133,-0.801,0.599
0.193,-0.801,0.555
0.083,-0.874,0.550
0.032,-0.828,0.586
0.145,-0.822,0.548
0.152,-0.828,0.538
0.167,-0.812,0.517
0.149,-0.830,0.515
0.142,-0.786,0.554
0.092,-0.814,0.585
0.219,-0.771,0.550
0.087,-0.825,0.600
0.148,-0.838,0.569
0.142,-0.911,0.595
0.181,-0.886,0.644
0.082,-0.911,0.568
0.158,-0.813,0.500
0.139,-0.775,0.418
0.021,-0.781,0.413
0.048,-0.807,0.397
0.133,-0.897,0.461
0.069,-0.890,0.433
0.074,-0.939,0.501
0.135,-0.821,0.496
0.076,-0.894,0.505
0.179,-0.850,0.509
0.134,-0.930,0.443
0.196,-0.915,0.429
0.204,-1.012,0.443
0.136,-0.990,0.404
0.190,-0.931,0.499
0.154,-0.939,0.454
0.170,-0.953,0.490
0.106,-0.942,0.482
0.215,-0.902,0.492
0.143,-0.937,0.516
0.188,-0.870,0.501
0.221,-0.898,0.534
0.187,-0.860,0.472
0.128,-0.906,0.489
0.212,-0.807,0.446
0.047,-0.887,0.430
0.116,-0.828,0.400
0.142,-0.892,0.475
0.070,-0.851,0.414
0.028,-0.919,0.473
0.177,-0.823,0.501
0.059,-0.912,0.409
0.111,-0.824,0.491
0.227,-0.861,0.465
0.110,-0.901,0.431
0.220,-0.859,0.506
0.100,-0.840,0.499
0.130,-0.835,0.517
0.129,-0.833,0.559
0.119,-0.904,0.578
0.110,-0.869,0.600
0.120,-0.914,0.603

 -,-,-
-0.002,-0.535,1.024
-0.124,-0.508,0.904
0.026,-0.697,0.830
0.331,-0.824,0.681
0.562,-0.757,0.678
0.146,-0.646,0.367
-0.754,-0.562,0.427
-0.449,-1.000,-0.196
-0.293,0.214,1.385
-0.095,-0.681,0.961
0.272,-0.523,0.970
-0.073,-0.839,0.579
0.094,-1.042,0.548
0.076,-0.831,-0.017
-0.626,-0.958,0.907
-0.181,-0.512,0.897
-0.211,-0.565,1.011
0.229,-0.595,0.827
-0.380,-0.912,0.569
-0.097,-0.213,0.595
-0.458,-0.450,0.910
-0.241,-0.545,0.950
-0.153,-0.717,0.943
-0.115,-0.802,0.898
-0.074,-0.833,0.721
0.015,-0.735,0.837
-0.034,-0.801,0.805
-0.181,-0.773,0.971
-0.074,-0.803,1.167
-0.093,-0.719,1.485
-0.174,-0.710,1.556
-0.015,-0.712,1.407
-0.161,-0.639,1.104
0.021,-0.417,0.511
0.200,-0.357,-0.078
0.488,-0.325,-0.657
1.203,-0.802,-1.736
2.504,-2.121,-4.000
2.294,-1.888,-2.590
-0.729,1.409,-2.846
3.465,4.000,1.845
3.959,-0.692,0.345
1.687,-0.037,0.596
0.538,0.158,0.735
0.371,-0.593,0.302
0.306,-0.703,0.412
0.061,-1.236,0.197
1.241,-1.264,0.461
0.172,-1.222,0.519
0.644,-0.876,0.802
0.733,-0.831,0.969
0.171,-0.653,0.688
0.192,-0.564,0.749
-0.120,-0.658,0.676
0.108,-0.663,0.656
-0.029,-0.695,0.756
-0.159,-0.698,0.695
-0.014,-0.633,0.555
-0.385,-0.553,0.789
-0.284,-0.738,0.609
-0.450,-0.637,0.882
-0.622,-0.572,0.980
-0.583,-0.595,1.084
-0.437,-0.576,0.999
-0.441,-0.609,0.989
-0.396,-0.587,0.916
-0.222,-0.605,0.820
-0.286,-0.609,0.763
-0.175,-0.571,0.740
-0.305,-0.601,0.723
-0.250,-0.650,0.763
-0.288,-0.584,0.771
-0.223,-0.671,0.673
-0.225,-0.688,0.652
-0.030,-0.714,0.664
-0.107,-0.734,0.665
-0.075,-0.715,0.740
-0.069,-0.724,0.749
-0.130,-0.674,0.736
-0.158,-0.763,0.727
-0.051,-0.696,0.726
-0.072,-0.741,0.754
-0.003,-0.777,0.726
-0.078,-0.768,0.679
-0.120,-0.864,0.645
-0.062,-0.754,0.645
-0.143,-0.840,0.572
-0.063,-0.709,0.613
-0.048,-0.771,0.606
-0.023,-0.716,0.597
0.029,-0.755,0.580
-0.024,-0.749,0.529
0.067,-0.783,0.509
0.063,-0.769,0.495
0.138,-0.729,0.489
0.050,-0.783,0.479
0.138,-0.812,0.477
0.263,-0.794,0.568
0.106,-0.767,0.511
0.201,-0.840,0.557

 -,-,-
-0.309,-1.171,1.481
-0.763,-0.629,0.935
0.166,-0.607,0.735
0.965,-0.656,-0.092
-0.451,-0.876,-0.013
0.288,-0.706,-0.323
-1.651,-0.335,0.659
0.604,-0.698,1.171
-0.179,-0.488,1.014
-0.367,-0.698,0.667
-0.189,-0.728,0.568
-0.214,-0.708,0.622
-0.318,-0.641,0.772
0.286,-0.542,0.980
-0.397,-0.613,0.942
-0.193,-0.700,0.906
-0.036,-0.705,0.945
-0.033,-0.671,0.916
0.001,-0.791,0.705
-0.045,-0.781,0.996
-0.070,-0.823,1.177
-0.161,-0.743,1.232
-0.079,-0.676,1.450
-0.157,-0.589,1.437
-0.207,-0.706,1.165
0.108,-0.535,0.813
0.195,-0.443,0.179
0.300,-0.459,-0.286
0.651,-0.527,-0.843
1.729,-1.711,-2.822
1.959,-2.932,-3.506
1.211,-1.442,-1.464
-1.804,4.000,-0.303
-4.000,-0.878,-2.542
0.182,-0.903,0.025
-0.096,0.002,0.489
0.811,-0.385,1.025
0.428,-0.826,0.472
0.169,-0.932,0.653
0.708,-1.010,0.491
0.320,-1.047,0.695
0.331,-0.867,0.646
0.463,-0.818,0.810
4.000,-1.451,-0.005
-0.654,-0.550,0.557
0.410,-0.696,0.645
0.308,-0.687,0.796
0.313,-0.717,0.834
0.182,-0.744,0.710
0.109,-0.744,0.618
0.161,-0.750,0.650
0.145,-0.744,0.586
0.049,-0.755,0.582
0.604,-0.836,0.618
-0.048,-0.709,0.707
-0.024,-0.771,0.711
-0.040,-0.742,0.719
-0.070,-0.751,0.702
-0.001,-0.802,0.720
0.063,-0.871,0.661
-0.041,-0.879,0.586
0.188,-0.848,0.657
0.080,-0.672,0.610
-0.018,-0.720,0.617
0.135,-0.756,0.552
0.124,-0.732,0.639
0.072,-0.748,0.644
0.146,-0.745,0.652
0.136,-0.800,0.728
0.029,-0.773,0.744
0.040,-0.705,0.740
-0.011,-0.716,0.706
-0.003,-0.726,0.647
0.040,-0.706,0.650
0.005,-0.734,0.646
0.008,-0.737,0.663
0.072,-0.747,0.646
0.043,-0.724,0.699
-0.029,-0.851,0.622
0.026,-0.716,0.647
-0.061,-0.826,0.606
0.116,-0.693,0.648
0.061,-0.879,0.604
0.133,-0.860,0.615
0.152,-0.878,0.603
0.177,-0.810,0.646
0.030,-0.868,0.593
0.126,-0.770,0.655
0.056,-0.809,0.615
0.091,-0.792,0.608
0.113,-0.813,0.554
0.143,-0.807,0.565
0.072,-0.817,0.557
0.087,-0.781,0.557
0.083,-0.828,0.553
0.113,-0.847,0.570
0.172,-0.912,0.572
0.186,-0.890,0.651
0.141,-0.818,0.641
0.048,-0.829,0.613

 -,-,-
-0.284,-0.598,1.530
-0.397,-0.681,1.382
0.100,-0.528,0.887
0.066,-0.460,0.453
0.297,-0.426,-0.205
0.498,-0.286,-0.841
1.817,-1.379,-3.180
2.388,-2.675,-3.242
0.918,-1.522,-0.976
-1.294,4.000,0.809
-4.000,-1.464,-3.348
-0.463,-0.969,-0.990
0.872,0.100,0.858
0.428,-0.397,0.337
0.235,-0.671,0.598
0.488,-1.047,0.537
1.040,-1.214,0.398
0.087,-0.602,0.674
0.619,-1.056,0.590
0.405,-0.500,0.836
0.494,-0.571,1.043
0.077,-0.543,0.855
0.166,-0.485,0.813
-0.148,-0.560,0.892
-0.019,-0.859,0.622
0.042,-0.605,0.635
-0.334,-0.784,0.641
-0.339,-0.657,0.757
-0.301,-0.666,0.771
-0.621,-0.502,1.038
-0.331,-0.768,0.719
-0.575,-0.540,0.908
-0.348,-0.772,0.887
-0.616,-0.499,0.905
-0.079,-0.644,0.797
-0.464,-0.514,0.938
-0.021,-0.633,0.746
-0.242,-0.687,0.783
-0.135,-0.580,0.657
-0.208,-0.562,0.654
-0.178,-0.507,0.642
-0.135,-0.421,0.651
-0.117,-0.520,0.724
-0.186,-0.496,0.698
-0.134,-0.575,0.838
-0.057,-0.499,1.052
-0.285,-0.604,1.121
-0.202,-0.607,1.177
-0.170,-0.613,0.892
0.055,-0.518,1.096
-0.042,-0.582,1.032
-0.036,-0.581,0.981
0.016,-0.549,0.906
-0.046,-0.508,0.777
0.044,-0.773,0.566
0.026,-0.277,0.912
-0.161,-0.425,0.850
0.065,-0.479,0.811
-0.070,-0.577,0.740
0.113,-0.583,0.871
0.210,-0.710,0.906
0.046,-0.613,0.909
0.015,-0.530,0.855
-0.000,-0.559,0.833
0.013,-0.565,0.797
-0.117,-0.516,0.815
-0.066,-0.581,0.892
-0.042,-0.531,0.897
-0.122,-0.538,0.913
-0.130,-0.461,0.812
-0.060,-0.505,0.868
-0.086,-0.491,0.836
-0.208,-0.594,0.838
-0.140,-0.546,0.830
-0.159,-0.524,0.862
-0.153,-0.546,0.854
-0.151,-0.462,0.865
-0.188,-0.640,0.789
-0.070,-0.608,0.856
-0.238,-0.616,0.829
-0.172,-0.553,0.853
-0.131,-0.564,0.815
-0.246,-0.582,0.781
-0.115,-0.593,0.778
-0.122,-0.600,0.794
-0.119,-0.590,0.819
-0.073,-0.573,0.816
-0.089,-0.573,0.811
-0.039,-0.581,0.825
-0.142,-0.596,0.813
-0.067,-0.583,0.831
-0.061,-0.575,0.811
-0.069,-0.574,0.807
-0.061,-0.572,0.819
-0.043,-0.569,0.849
-0.094,-0.573,0.847
-0.089,-0.594,0.863
-0.054,-0.543,0.881
-0.073,-0.561,0.897
-0.215,-0.580,0.848

 -,-,-
-1.637,-0.816,0.340
-0.763,-0.593,1.004
-0.674,-0.413,1.360
-0.560,-0.344,1.324
-0.181,-0.562,1.237
-0.308,-0.641,1.078
0.143,-0.535,1.239
-0.375,-0.545,1.181
-0.212,-0.506,1.583
-0.271,-0.500,1.606
-0.375,-0.436,1.646
-0.424,-0.441,1.526
-0.187,-0.420,1.121
0.056,-0.343,0.574
0.102,-0.504,-0.042
0.543,-0.426,-0.472
1.050,-0.651,-1.416
1.855,-2.231,-3.505
2.867,-2.760,-3.047
-1.151,0.597,-1.565
-3.688,4.000,3.997
2.995,1.610,-0.461
0.179,-0.066,0.450
0.115,0.087,0.447
-0.979,0.205,0.391
-0.074,0.083,0.795
0.934,-1.393,0.371
0.187,-1.203,0.781
0.485,-1.109,1.068
0.504,-0.905,1.136
-0.189,-0.600,0.941
1.444,-0.933,0.678
-0.315,-0.651,0.607
0.217,-0.849,0.477
0.021,-0.781,0.541
0.036,-0.834,0.547
1.113,-1.155,0.572
-0.687,-0.526,0.737
-0.072,-0.754,0.708
0.092,-0.738,0.773
0.079,-0.699,0.835
0.005,-0.684,0.812
0.058,-0.673,0.762
0.153,-0.711,0.766
0.193,-0.782,0.757
0.084,-0.724,0.729
0.050,-0.733,0.737
0.109,-0.714,0.742
0.080,-0.703,0.729
0.127,-0.707,0.699
0.146,-0.700,0.689
0.095,-0.710,0.726
0.089,-0.702,0.716
0.092,-0.700,0.741
0.101,-0.734,0.712
0.042,-0.733,0.720
0.104,-0.722,0.720
0.052,-0.693,0.737
0.115,-0.724,0.706
0.103,-0.744,0.709
0.197,-0.727,0.680
0.148,-0.727,0.673
0.173,-0.653,0.667
0.095,-0.704,0.646
0.229,-0.741,0.555
0.203,-0.702,0.636
0.023,-0.785,0.566
0.158,-0.671,0.579
0.166,-0.773,0.517
0.049,-0.729,0.502
0.093,-0.739,0.468
0.102,-0.724,0.489
0.106,-0.762,0.387
-0.019,-0.958,0.373
0.312,-0.924,0.467
0.319,-1.017,0.349
0.175,-0.947,0.491
0.308,-0.856,0.440
0.115,-0.844,0.399
0.225,-0.816,0.539
0.327,-0.857,0.386
0.201,-0.809,0.529
0.352,-0.868,0.486
0.185,-0.830,0.493
0.201,-0.814,0.529
0.291,-0.881,0.552
0.266,-0.878,0.603
0.229,-0.892,0.616
0.261,-0.877,0.669
0.203,-0.847,0.659
0.136,-0.810,0.654
0.093,-0.801,0.670
0.062,-0.797,0.638
0.015,-0.803,0.645
0.002,-0.778,0.662
0.034,-0.815,0.638
-0.028,-0.749,0.666
-0.046,-0.761,0.638
-0.120,-0.701,0.745
-0.075,-0.743,0.692

 -,-,-
-0.911,-0.374,1.344
-0.720,-0.317,1.313
-0.087,-0.455,1.007
-0.112,-0.571,1.221
-0.257,-0.533,1.574
-0.499,-0.505,1.948
-0.563,-0.410,1.964
-0.440,-0.400,1.755
-0.324,-0.311,1.321
-0.361,-0.130,0.911
0.013,-0.212,0.064
0.105,-0.303,-0.583
0.856,-0.548,-1.730
2.048,-2.078,-3.759
2.900,-2.517,-3.197
-0.303,-0.502,-1.720
-2.108,4.000,1.913
0.453,-0.035,1.605
0.900,-0.174,0.334
0.252,0.117,1.062
0.317,0.182,0.649
1.022,-0.902,0.306
0.237,-1.278,0.252
0.925,-1.380,0.442
0.897,-1.247,0.418
0.659,-1.001,0.856
0.735,-0.490,0.887
0.447,-0.143,0.844
0.170,0.011,0.774
-0.595,0.362,0.322
0.231,-0.664,-0.027
0.257,-0.858,-0.103
0.352,-0.999,-0.087
0.302,-1.216,-0.085
0.757,-1.541,-0.047
0.042,-1.168,0.144
0.262,-1.072,0.370
0.119,-1.053,0.455
-0.083,-0.985,0.641
0.042,-0.938,0.784
-0.001,-1.108,0.861
-0.027,-0.994,0.817
-0.035,-0.962,0.834
-0.024,-0.857,0.823
-0.052,-0.726,0.759
0.048,-0.704,0.817
-0.162,-0.604,0.952
0.010,-0.714,0.999
0.070,-0.667,1.006
0.010,-0.614,1.022
0.029,-0.549,0.806
0.061,-0.573,0.661
0.107,-0.568,0.546
0.081,-0.625,0.584
0.056,-0.635,0.574
-0.027,-0.663,0.651
-0.088,-0.624,0.661
-0.294,-0.721,0.650
-0.226,-0.687,0.658
-0.243,-0.668,0.664
-0.192,-0.751,0.753
-0.094,-0.811,0.769
-0.210,-0.837,0.759
-0.255,-0.804,0.823
-0.267,-0.705,0.804
-0.266,-0.707,0.841
-0.265,-0.791,0.787
-0.283,-0.827,0.746
-0.296,-0.721,0.783
-0.271,-0.672,0.781
-0.208,-0.683,0.744
-0.179,-0.710,0.703
-0.215,-0.743,0.659
-0.196,-0.771,0.685
-0.199,-0.724,0.717
-0.150,-0.731,0.701
-0.228,-0.719,0.645
-0.172,-0.701,0.701
-0.122,-0.684,0.724
-0.091,-0.709,0.733
-0.062,-0.715,0.719
-0.056,-0.704,0.712
-0.052,-0.727,0.694
-0.110,-0.722,0.691
-0.098,-0.705,0.711
-0.103,-0.698,0.687
-0.073,-0.700,0.697
-0.065,-0.696,0.682
-0.053,-0.706,0.711
-0.095,-0.692,0.713
-0.089,-0.682,0.776
-0.051,-0.689,0.755
-0.052,-0.692,0.759
-0.040,-0.725,0.759
-0.079,-0.721,0.781
-0.054,-0.728,0.830
-0.007,-0.705,0.788
-0.023,-0.681,0.797
0.009,-0.700,0.755
0.014,-0.686,0.709

 -,-,-
-0.143,-0.661,1.456
-0.659,-0.620,1.390
-0.331,-0.508,1.441
-0.407,-0.466,1.426
-0.350,-0.412,1.066
-0.127,-0.340,0.636
0.011,-0.361,0.025
0.257,-0.323,-0.611
0.752,-0.565,-1.264
2.764,-1.885,-3.633
2.123,-2.805,-3.239
0.021,-0.705,-0.044
-4.000,4.000,2.048
-1.087,-1.347,-0.221
-0.983,0.223,-0.178
0.900,-0.036,0.938
0.177,-0.499,0.139
0.219,-0.752,0.563
0.686,-1.290,0.491
0.556,-1.073,0.574
-0.259,-0.414,0.823
0.124,-0.941,0.877
0.497,-0.605,0.841
0.498,-0.694,0.668
0.285,-0.746,0.698
0.215,-0.758,0.602
0.167,-0.883,0.571
0.050,-0.742,0.470
-0.146,-0.707,0.570
-0.203,-0.672,0.682
-0.072,-0.672,0.715
-0.316,-0.732,0.767
-0.272,-0.783,0.822
-0.340,-0.756,0.762
-0.187,-0.707,0.852
-0.281,-0.735,0.829
-0.276,-0.692,0.844
-0.119,-0.713,0.840
-0.152,-0.688,0.791
-0.210,-0.707,0.739
-0.107,-0.714,0.708
-0.145,-0.739,0.707
-0.160,-0.739,0.657
-0.072,-0.708,0.710
-0.132,-0.759,0.696
-0.077,-0.719,0.729
-0.144,-0.718,0.709
-0.102,-0.694,0.683
-0.130,-0.728,0.662
-0.054,-0.743,0.618
-0.020,-0.705,0.624
0.015,-0.685,0.610
-0.137,-0.766,0.639
-0.087,-0.678,0.596
-0.142,-0.817,0.503
0.006,-0.864,0.532
0.145,-0.864,0.519
0.038,-0.978,0.459
0.073,-0.891,0.507
0.146,-0.764,0.541
-0.033,-0.933,0.472
0.137,-0.658,0.470
0.088,-0.831,0.464
0.073,-0.733,0.425
0.031,-0.754,0.489
0.127,-0.705,0.638
-0.121,-0.900,0.626
0.079,-0.831,0.728
-0.042,-0.829,0.813
-0.040,-0.795,0.754
-0.006,-0.741,0.664
-0.154,-0.826,0.624
-0.033,-0.715,0.602
-0.117,-0.763,0.618
0.048,-0.683,0.644
-0.131,-0.844,0.705
0.097,-0.808,0.730
-0.034,-0.886,0.743
0.022,-0.919,0.773
-0.063,-0.932,0.736
-0.015,-0.902,0.778
-0.074,-0.930,0.735
-0.179,-0.876,0.750
-0.182,-0.858,0.738
-0.151,-0.800,0.670
-0.226,-0.813,0.646
-0.130,-0.784,0.624
-0.062,-0.778,0.611
-0.174,-0.815,0.598
-0.109,-0.791,0.629
-0.075,-0.815,0.657
-0.099,-0.822,0.646
-0.131,-0.829,0.629
-0.040,-0.811,0.625
-0.078,-0.742,0.667
-0.042,-0.741,0.618
-0.019,-0.754,0.577
-0.023,-0.781,0.530
-0.078,-0.799,0.552
-0.047,-0.807,0.580

 -,-,-
-1.856,-0.828,0.650
0.468,-0.609,1.058
-0.890,-0.741,0.924
-0.525,-0.650,0.664
-0.348,-0.555,0.518
-0.418,-0.724,0.474
-0.537,-0.726,0.474
-0.326,-0.749,1.131
-0.600,-0.822,0.526
-0.383,-0.492,1.004
-0.699,-0.660,0.851
-0.356,-0.696,0.791
-0.044,-0.672,0.670
-0.475,-0.594,1.031
-0.458,-0.611,0.903
-0.351,-0.790,0.858
-0.306,-0.724,0.784
-0.173,-0.768,0.963
-0.254,-0.742,1.270
-0.451,-0.675,1.581
-0.322,-0.711,1.574
-0.434,-0.575,1.735
-0.383,-0.542,1.325
-0.005,-0.598,0.720
0.022,-0.431,0.327
0.367,-0.321,-0.371
0.492,-0.330,-1.260
2.106,-1.789,-3.536
2.302,-2.933,-3.268
-2.011,-1.012,-0.196
-3.810,4.000,0.777
2.575,-0.515,1.089
0.951,-0.365,0.725
0.469,0.225,0.845
0.229,-0.343,0.562
1.045,-0.554,0.504
0.138,-1.208,0.562
1.401,-1.415,0.478
1.595,-1.257,0.667
0.245,-0.762,0.691
0.648,-0.571,0.789
1.520,-0.836,0.702
0.149,-0.566,0.515
0.260,-0.625,0.455
0.969,-0.995,0.421
0.130,-0.737,0.452
0.291,-0.713,0.517
0.253,-0.750,0.534
0.142,-0.761,0.600
0.158,-0.808,0.603
0.274,-0.783,0.629
0.073,-0.918,0.707
0.065,-0.773,0.725
0.106,-0.729,0.756
0.084,-0.684,0.768
0.032,-0.730,0.787
0.028,-0.731,0.755
0.091,-0.709,0.744
0.106,-0.703,0.735
0.177,-0.706,0.669
0.078,-0.756,0.670
0.205,-0.786,0.760
0.176,-0.734,0.736
0.145,-0.705,0.740
0.225,-0.758,0.718
0.087,-0.731,0.697
0.106,-0.741,0.657
0.140,-0.765,0.619
0.060,-0.742,0.638
0.062,-0.760,0.623
0.067,-0.739,0.656
0.054,-0.766,0.667
0.041,-0.751,0.699
0.061,-0.766,0.643
-0.051,-0.775,0.654
0.045,-0.739,0.619
0.007,-0.711,0.585
-0.012,-0.727,0.583
-0.000,-0.763,0.568
-0.102,-0.771,0.527
0.031,-0.798,0.551
0.009,-0.761,0.501
-0.007,-0.823,0.499
-0.039,-0.796,0.425
-0.017,-0.918,0.412
0.063,-0.832,0.455
0.130,-0.878,0.367
0.066,-0.913,0.412
0.221,-0.947,0.354
0.163,-0.953,0.325
0.325,-0.904,0.382
0.265,-0.952,0.319
0.324,-0.891,0.365
0.318,-0.904,0.321
0.247,-0.934,0.468
0.249,-0.968,0.370
0.219,-0.952,0.511
0.372,-0.954,0.545
0.201,-0.976,0.504
0.172,-0.923,0.529

 -,-,-
-0.486,-0.982,1.008
-0.229,-0.616,0.795
-0.268,-0.704,0.727
-0.253,-0.665,0.906
-0.053,-0.880,0.594
0.069,-0.798,0.559
0.195,-0.919,0.125
0.190,-0.563,0.527
-0.265,-0.588,0.854
-0.259,-0.698,0.793
-0.388,-0.791,0.771
-0.201,-0.863,0.772
-0.081,-0.844,0.779
0.018,-0.800,0.898
-0.113,-0.932,0.809
-0.039,-0.880,0.954
-0.202,-0.925,1.073
-0.110,-0.839,1.210
-0.252,-0.692,1.298
-0.238,-0.706,1.357
-0.133,-0.611,1.169
0.043,-0.622,1.023
0.122,-0.477,0.713
0.312,-0.510,0.019
0.432,-0.473,-0.505
0.981,-0.575,-1.634
1.935,-1.606,-2.719
2.777,-2.579,-3.485
0.052,-1.157,-1.583
-2.132,4.000,0.295
-3.845,-2.324,-1.413
-1.660,-0.428,-0.546
-0.343,-0.066,0.743
0.834,-0.436,0.477
0.437,-0.467,0.560
0.347,-1.207,0.495
-0.113,-1.324,0.496
0.024,-1.132,0.615
0.191,-1.201,0.853
0.175,-0.835,0.949
0.102,-0.666,0.617
0.077,-0.703,0.737
0.240,-0.672,0.698
-0.165,-0.668,0.666
-0.048,-0.671,0.649
-0.136,-0.766,0.738
-0.000,-0.813,0.692
-0.215,-0.726,0.751
-0.061,-0.808,0.768
-0.133,-0.763,0.667
-0.288,-0.767,0.775
-0.238,-0.823,0.690
-0.250,-0.691,0.783
-0.318,-0.719,0.910
-0.229,-0.682,0.848
-0.260,-0.715,0.831
-0.087,-0.717,0.850
-0.214,-0.746,0.816
-0.059,-0.772,0.781
-0.071,-0.767,0.737
-0.104,-0.729,0.669
-0.052,-0.736,0.641
0.028,-0.795,0.703
-0.127,-0.701,0.668
-0.169,-0.702,0.715
-0.048,-0.679,0.663
-0.092,-0.704,0.662
-0.035,-0.701,0.617
-0.070,-0.737,0.666
-0.099,-0.745,0.706
-0.029,-0.723,0.683
0.007,-0.713,0.648
-0.006,-0.697,0.668
0.000,-0.699,0.683
-0.126,-0.701,0.650
0.001,-0.731,0.682
-0.005,-0.719,0.638
0.029,-0.759,0.667
-0.021,-0.739,0.609
-0.106,-0.761,0.594
-0.152,-0.806,0.567
-0.101,-0.829,0.500
-0.116,-0.821,0.519
-0.082,-0.845,0.483
0.003,-0.781,0.521
0.056,-0.763,0.505
0.038,-0.789,0.505
0.042,-0.858,0.524
0.102,-0.899,0.532
0.010,-0.940,0.595
0.030,-1.044,0.542
0.130,-0.832,0.610
-0.065,-0.995,0.568
0.083,-0.864,0.547
0.085,-0.868,0.542
0.102,-0.906,0.523
0.104,-0.954,0.494
0.156,-0.944,0.448
-0.087,-0.850,0.455
0.030,-0.922,0.511

 -,-,-
2.425,-2.024,-3.538
2.266,-2.794,-3.061
-0.066,-1.006,-0.912
-3.602,4.000,1.059
-3.309,-1.846,-0.848
0.429,-0.199,-0.394
-0.040,0.142,0.659
0.023,-0.071,0.475
0.774,-0.480,0.425
-0.004,-1.247,0.611
0.279,-1.193,0.714
0.516,-1.121,0.736
0.329,-1.104,0.797
0.369,-0.665,0.945
0.335,-0.666,0.941
-0.021,-0.626,0.726
0.037,-0.593,0.699
-0.053,-0.779,0.678
-0.141,-0.665,0.622
-0.343,-0.736,0.694
-0.016,-0.766,0.600
-0.193,-0.710,0.601
-0.367,-0.756,0.724
-0.059,-0.750,0.614
-0.293,-0.728,0.712
-0.361,-0.728,0.857
-0.412,-0.669,0.931
-0.406,-0.712,0.933
-0.366,-0.707,0.781
-0.350,-0.697,0.830
-0.284,-0.722,0.705
-0.196,-0.773,0.662
-0.218,-0.754,0.710
-0.276,-0.715,0.678
-0.297,-0.745,0.657
-0.173,-0.721,0.639
-0.213,-0.724,0.657
-0.208,-0.778,0.622
-0.217,-0.760,0.610
-0.188,-0.736,0.642
-0.153,-0.778,0.632
-0.166,-0.770,0.578
-0.121,-0.808,0.519
-0.262,-0.815,0.512
-0.095,-0.798,0.567
-0.226,-0.831,0.489
-0.165,-0.797,0.539
-0.200,-0.791,0.549
-0.163,-0.744,0.626
-0.106,-0.742,0.635
-0.111,-0.772,0.700
-0.042,-0.860,0.656
-0.035,-0.818,0.669
-0.075,-0.844,0.627
-0.079,-0.836,0.616
-0.026,-0.751,0.638
-0.099,-0.776,0.608
-0.034,-0.733,0.641
0.028,-0.733,0.669
-0.070,-0.788,0.671
-0.054,-0.700,0.679
0.015,-0.704,0.714
-0.067,-0.623,0.706
-0.047,-0.682,0.721
0.032,-0.657,0.730
-0.062,-0.739,0.712
0.009,-0.745,0.699
-0.067,-0.682,0.752
-0.117,-0.805,0.695
0.028,-0.552,0.764
-0.028,-0.727,0.611
0.014,-0.749,0.504
0.058,-0.841,0.392
0.078,-0.841,0.346
0.193,-0.891,0.322
0.261,-0.988,0.393
0.289,-1.001,0.311
0.249,-0.992,0.423
0.282,-0.912,0.337
0.101,-0.839,0.276
0.147,-0.875,0.473
0.197,-1.029,0.393
0.075,-1.018,0.521
-0.074,-1.000,0.486
-0.002,-1.001,0.647
0.032,-1.060,0.560
-0.138,-0.949,0.625
-0.147,-0.917,0.610
-0.012,-0.843,0.619
-0.149,-0.826,0.546
-0.179,-0.799,0.438
-0.037,-0.892,0.545
0.017,-1.021,0.575
-0.171,-0.973,0.762
-0.173,-0.842,0.763
-0.119,-0.880,0.652
-0.183,-0.821,0.516
-0.130,-0.759,0.529
-0.040,-0.704,0.528
-0.119,-0.749,0.572

 -,-,-
-0.421,-0.381,1.127
-1.444,-0.506,0.684
-0.383,-0.383,0.750
-0.013,-0.588,0.805
-0.209,-0.801,0.853
-0.382,-0.792,0.514
-1.262,-0.701,-0.305
-1.404,-0.914,0.790
-0.441,-0.350,1.037
-0.141,-0.677,0.826
0.053,-0.907,0.513
0.025,-0.293,1.197
0.083,-0.770,0.635
0.032,-0.610,0.775
-0.168,-0.738,1.003
-0.048,-0.752,0.812
-0.129,-0.768,0.868
-0.099,-0.702,1.150
-0.546,-0.756,0.960
-0.281,-0.723,1.375
-0.265,-0.697,1.444
-0.236,-0.764,1.657
-0.206,-0.703,1.408
-0.011,-0.510,0.779
-0.015,-0.398,0.150
0.328,-0.384,-0.476
1.437,-0.870,-2.147
2.580,-2.266,-3.523
1.740,-2.098,-2.321
-1.918,0.211,-3.263
-1.374,3.953,2.175
4.000,0.909,-0.887
-1.599,0.525,0.602
1.136,-0.018,0.442
-0.550,-0.382,0.022
0.662,-1.037,0.503
0.667,-1.277,0.411
1.240,-2.305,-0.001
0.523,-1.278,0.859
0.653,-0.732,1.020
0.728,-0.540,0.957
0.245,-0.519,0.601
0.405,-0.615,0.754
0.138,-0.650,0.702
0.371,-0.703,0.611
0.192,-0.717,0.705
0.057,-0.784,0.646
0.160,-0.798,0.702
0.316,-0.771,0.731
-0.023,-0.729,0.630
0.046,-0.691,0.673
-0.112,-0.717,0.726
0.052,-0.727,0.771
-0.017,-0.727,0.828
0.114,-0.807,0.862
-0.053,-0.693,0.804
-0.009,-0.727,0.795
-0.037,-0.709,0.785
-0.050,-0.747,0.759
0.028,-0.769,0.731
0.012,-0.740,0.748
0.057,-0.748,0.731
0.079,-0.729,0.682
0.028,-0.713,0.659
0.066,-0.727,0.606
0.009,-0.738,0.565
-0.015,-0.806,0.565
0.144,-0.834,0.650
0.085,-0.793,0.725
0.128,-0.770,0.748
0.139,-0.724,0.717
0.088,-0.722,0.706
0.074,-0.733,0.660
0.034,-0.754,0.615
0.046,-0.773,0.592
-0.001,-0.774,0.633
0.031,-0.757,0.625
0.024,-0.738,0.640
-0.008,-0.738,0.635
-0.047,-0.740,0.648
-0.113,-0.721,0.665
-0.163,-0.736,0.689
-0.037,-0.684,0.722
-0.100,-0.692,0.752
-0.147,-0.655,0.763
-0.179,-0.637,0.697
0.074,-0.610,0.758
0.074,-0.676,0.786
-0.161,-0.647,0.711
-0.142,-0.856,0.765
0.062,-0.640,0.760
-0.103,-0.932,0.653
0.096,-0.755,0.696
-0.142,-0.977,0.552
-0.007,-0.826,0.640
0.092,-0.837,0.591
-0.049,-0.917,0.565
0.035,-0.891,0.515
0.067,-0.898,0.537
0.023,-0.866,0.512

 -,-,-
0.299,0.000,1.608
-0.521,-0.642,0.526
-0.551,-0.700,0.658
-0.479,-0.738,0.571
-0.367,-0.664,0.870
-0.549,-0.598,0.701
-0.513,-0.663,0.814
-0.416,-0.723,0.640
-0.597,-0.722,0.647
-0.124,-0.726,1.156
0.047,-0.846,0.526
0.126,-0.607,1.298
0.089,-0.817,1.133
-0.262,-0.553,1.327
-0.344,-0.671,1.672
-0.303,-0.553,1.428
-0.372,-0.533,1.204
-0.249,-0.297,1.034
-0.123,-0.361,0.334
0.076,-0.221,-0.256
0.405,-0.400,-0.840
1.635,-1.365,-2.998
2.454,-3.197,-3.732
0.973,-2.254,-1.653
-0.527,4.000,-0.047
-3.898,-2.558,-4.000
-2.124,-1.093,-1.129
0.090,-0.383,0.849
0.274,-0.506,0.581
-0.110,-0.736,0.775
0.454,-0.907,0.563
0.248,-1.010,0.580
0.168,-0.851,0.638
0.236,-0.804,0.642
-0.085,-0.754,0.763
-0.113,-0.856,0.760
0.131,-0.945,0.760
-0.019,-0.755,0.829
-0.119,-0.697,0.763
-0.331,-0.702,0.707
-0.211,-0.768,0.772
-0.568,-0.784,0.793
-0.362,-0.773,0.793
-0.556,-0.752,0.791
-0.397,-0.740,0.735
-0.327,-0.798,0.682
-0.252,-0.822,0.650
-0.210,-0.786,0.627
-0.141,-0.799,0.555
-0.103,-0.806,0.579
-0.073,-0.815,0.594
-0.113,-0.814,0.599
-0.182,-0.777,0.542
-0.159,-0.849,0.551
-0.171,-0.800,0.559
-0.237,-0.819,0.617
-0.160,-0.830,0.587
-0.205,-0.803,0.593
-0.175,-0.785,0.614
-0.202,-0.786,0.599
-0.198,-0.775,0.626
-0.205,-0.802,0.599
-0.116,-0.806,0.583
-0.149,-0.794,0.631
-0.136,-0.809,0.633
-0.064,-0.785,0.609
-0.115,-0.765,0.645
-0.096,-0.787,0.625
-0.052,-0.787,0.622
-0.062,-0.786,0.633
-0.077,-0.780,0.653
-0.034,-0.761,0.679
-0.036,-0.798,0.674
-0.024,-0.773,0.658
-0.044,-0.741,0.689
-0.008,-0.736,0.682
-0.079,-0.789,0.647
-0.049,-0.732,0.678
-0.033,-0.724,0.723
-0.085,-0.724,0.781
-0.047,-0.734,0.785
-0.099,-0.743,0.787
-0.081,-0.720,0.748
-0.063,-0.700,0.780
-0.081,-0.681,0.763
-0.104,-0.702,0.736
-0.013,-0.700,0.732
-0.049,-0.694,0.681
-0.013,-0.691,0.737
-0.049,-0.713,0.734
-0.078,-0.724,0.727
-0.010,-0.765,0.744
-0.000,-0.756,0.734
-0.012,-0.725,0.717
0.001,-0.724,0.698
-0.015,-0.741,0.635
-0.085,-0.732,0.622
0.019,-0.760,0.602
0.043,-0.804,0.588
0.061,-0.782,0.525

 -,-,-
-0.235,-0.775,1.422
-0.196,-0.696,1.323
-0.180,-0.799,1.224
-0.146,-0.407,1.155
-0.232,-0.339,0.393
0.095,-0.262,-0.380
0.452,-0.333,-0.926
1.637,-1.237,-2.562
2.393,-2.690,-3.882
2.922,-1.922,-2.441
-2.189,2.077,-4.000
-3.039,-0.394,-1.890
1.883,-0.496,-0.079
-0.196,0.194,1.539
1.351,-0.300,0.625
-0.280,-0.748,0.842
0.774,-0.783,0.419
0.426,-0.808,0.532
0.339,-1.070,0.560
0.127,-1.067,0.845
0.313,-0.832,0.732
-0.057,-0.694,0.588
0.090,-0.686,0.710
0.230,-0.727,0.552
0.887,-0.944,0.814
0.406,-0.795,0.743
-0.164,-0.654,0.919
0.102,-0.611,0.965
-0.019,-0.810,0.865
-0.008,-0.654,0.863
-0.106,-0.739,0.857
-0.123,-0.698,0.815
-0.014,-0.723,0.880
-0.075,-0.638,0.866
-0.198,-0.727,0.807
-0.041,-0.682,0.818
-0.077,-0.675,0.768
0.038,-0.677,0.763
-0.012,-0.657,0.761
0.011,-0.669,0.718
0.212,-0.680,0.731
0.088,-0.698,0.732
-0.056,-0.665,0.715
0.060,-0.698,0.760
-0.001,-0.692,0.791
0.011,-0.673,0.784
0.033,-0.667,0.786
0.044,-0.676,0.774
0.168,-0.706,0.747
0.155,-0.689,0.787
-0.028,-0.672,0.748
0.004,-0.694,0.773
0.065,-0.705,0.772
0.009,-0.697,0.759
0.055,-0.711,0.736
0.132,-0.743,0.722
0.013,-0.716,0.686
0.017,-0.721,0.679
0.075,-0.720,0.631
0.047,-0.729,0.664
0.039,-0.732,0.718
0.105,-0.750,0.699
0.033,-0.747,0.693
0.041,-0.762,0.706
0.018,-0.788,0.647
-0.056,-0.803,0.605
-0.032,-0.816,0.573
-0.075,-0.775,0.601
-0.032,-0.774,0.615
0.006,-0.762,0.623
-0.004,-0.799,0.608
-0.035,-0.778,0.627
-0.030,-0.753,0.629
-0.065,-0.766,0.577
-0.016,-0.700,0.607
-0.035,-0.916,0.588
0.057,-0.816,0.593
-0.001,-0.829,0.622
0.103,-0.730,0.657
0.053,-0.804,0.612
-0.050,-0.746,0.665
0.059,-0.728,0.684
0.021,-0.708,0.732
-0.036,-0.824,0.738
0.039,-0.709,0.776
-0.002,-0.809,0.744
-0.002,-0.732,0.755
-0.040,-0.681,0.727
-0.016,-0.762,0.674
-0.005,-0.664,0.629
0.018,-0.732,0.600
0.087,-0.730,0.552
0.042,-0.767,0.539
0.093,-0.763,0.554
0.065,-0.701,0.524
0.065,-0.737,0.471
0.027,-0.581,0.443
0.060,-0.832,0.477
0.244,-0.735,0.422
0.168,-1.009,0.456

 -,-,-
-0.539,-0.469,1.578
-0.140,-0.588,1.378
-0.229,-0.506,1.168
0.088,-0.526,0.459
0.279,-0.469,-0.121
0.504,-0.454,-0.646
1.043,-0.695,-1.967
2.391,-1.900,-3.332
2.119,-2.389,-2.938
-1.067,-0.204,-1.051
-1.225,4.000,4.000
3.970,0.915,-0.235
-2.132,0.826,0.326
0.549,-0.166,0.908
-0.403,-0.028,0.619
0.669,-1.188,0.575
0.035,-1.246,0.695
1.032,-1.445,0.785
0.441,-1.118,0.899
0.457,-0.872,0.823
0.124,-0.662,0.932
0.342,-0.710,0.627
0.352,-0.811,0.617
0.057,-0.710,0.578
-0.092,-0.759,0.501
0.021,-0.941,0.481
0.042,-0.973,0.510
0.039,-0.930,0.603
0.000,-0.883,0.574
0.206,-0.934,0.516
0.059,-0.913,0.537
0.073,-0.888,0.507
0.156,-0.874,0.476
0.099,-0.892,0.498
0.069,-0.848,0.477
0.056,-0.859,0.485
0.017,-0.874,0.465
0.063,-0.849,0.481
0.118,-0.848,0.505
0.136,-0.792,0.536
0.120,-0.790,0.531
0.181,-0.770,0.550
0.061,-0.799,0.637
0.011,-0.801,0.616
0.043,-0.851,0.575
-0.025,-0.772,0.595
-0.141,-0.734,0.556
-0.052,-0.735,0.529
-0.144,-0.768,0.583
-0.034,-0.785,0.692
-0.155,-0.745,0.740
-0.051,-0.708,0.789
-0.055,-0.670,0.813
0.003,-0.719,0.828
0.029,-0.705,0.818
0.119,-0.678,0.863
0.038,-0.643,0.842
-0.023,-0.643,0.778
-0.020,-0.606,0.712
0.007,-0.699,0.720
0.009,-0.623,0.818
-0.039,-0.548,0.928
-0.162,-0.561,0.881
-0.230,-0.531,0.824
-0.205,-0.652,0.860
-0.140,-0.649,0.796
0.113,-0.637,0.864
0.106,-0.647,0.870
0.164,-0.590,0.963
0.219,-0.546,0.958
0.263,-0.510,0.931
0.106,-0.514,0.870
0.214,-0.519,0.897
0.208,-0.617,1.006
0.067,-0.543,0.986
0.087,-0.582,0.878
-0.025,-0.579,0.803
0.012,-0.564,0.733
0.073,-0.583,0.770
-0.003,-0.594,0.740
0.032,-0.560,0.803
0.010,-0.579,0.866
0.052,-0.558,0.788
-0.079,-0.587,0.827
0.021,-0.568,0.871
-0.036,-0.579,0.836
-0.057,-0.591,0.861
-0.101,-0.565,0.839
-0.104,-0.588,0.844
-0.082,-0.564,0.827
-0.078,-0.592,0.759
-0.060,-0.625,0.729
-0.025,-0.617,0.691
-0.147,-0.608,0.733
-0.041,-0.595,0.732
-0.013,-0.569,0.848
-0.019,-0.620,0.844
-0.072,-0.556,0.906
-0.115,-0.632,0.839
-0.054,-0.498,0.860

