-,-,-
344.97,-701.54,817.50
541.02,-574.95,179.81
448.73,-565.67,301.03
36.13,-522.09,1342.29
328.74,-566.28,1125.12
344.97,-701.54,817.50
469.97,-688.72,614.99
448.73,-565.67,301.03
541.02,-574.95,179.81
675.42,-693.73,-296.51
811.40,-735.47,-649.41
1745.00,-1530.15,-3051.76
2558.72,-1697.02,-2103.52
199.10,-1262.08,-235.47
1955.20,-95.70,-66.89
66.28,3999.51,2901.25
-1394.04,1423.10,-287.96
467.77,-1086.91,-247.31
1275.39,-253.30,175.42
-213.87,-1080.08,48.46
1086.06,-1175.78,-43.82
730.22,-902.95,304.20
863.77,-864.50,138.67
314.70,-184.33,963.87
747.68,-463.38,842.53
-293.82,-367.19,525.88
453.98,-557.01,833.25
53.47,-787.72,468.75
211.43,-817.02,740.72
1898.56,-1468.75,502.69
459.23,-289.31,1034.55
-491.82,-204.10,862.43
417.97,-487.67,648.68
248.41,-555.91,1078.86
696.66,-521.73,771.36
218.02,-440.31,891.97
217.41,-615.60,735.23
243.16,-624.02,1043.82
343.14,-692.26,712.65
33.08,-707.03,1036.01
-,-,-
377.81,-598.14,704.96
495.61,-253.30,1054.08
840.45,-758.54,998.05
-100.46,-740.11,1411.87
1101.68,-630.86,1009.52
404.05,-624.02,823.49
338.26,-605.47,554.93
320.07,-761.35,708.25
569.46,-608.76,326.90
540.77,-653.93,-468.75
906.98,-680.66,-324.83
1134.89,-791.87,-1009.28
1860.11,-1936.16,-2700.68
1953.49,-1672.61,-2031.49
-1536.25,-1648.44,-1477.42
1238.28,3888.18,167.48
1571.17,2185.67,179.44
329.96,-792.97,-274.54
1175.90,-12.33,-140.50
612.92,-262.82,62.01
-112.06,-769.17,86.43
834.47,-175.54,203.49
569.34,-313.72,124.51
187.01,-132.81,8.30
659.79,-550.78,669.43
370.73,-1279.91,619.14
608.28,-491.58,1052.12
219.36,-925.42,1087.16
149.41,-698.00,1403.93
-269.17,-704.59,1510.86
-108.52,-531.62,1451.78
-1223.14,-302.49,1028.08
1589.48,-21.12,1260.38
-326.66,-556.27,1162.48
-58.96,-416.38,1025.88
323.24,-424.07,1063.11
-115.72,-261.84,1086.43
-8.79,-271.85,1014.16
61.89,-249.63,1015.26
85.69,-249.27,962.28
-,-,-
1095.70,-739.38,1057.13
-489.99,-373.66,987.30
351.07,-661.74,930.54
581.30,-750.85,1598.02
101.07,-776.86,1117.92
388.18,-719.97,1114.62
213.75,-637.33,938.84
183.47,-621.46,472.53
463.87,-621.83,61.52
626.34,-568.97,-160.77
791.75,-775.02,-872.68
974.24,-1160.89,-989.99
1480.22,-1286.62,-1911.99
2554.08,-1809.20,-2509.03
194.58,-1319.70,-453.49
1278.69,2816.28,757.08
224.00,2289.79,-447.63
-963.26,784.91,-235.11
1118.16,-492.68,414.55
611.33,-641.72,-241.82
633.06,-869.87,-134.89
356.93,-404.05,417.60
589.72,-320.68,425.29
1.59,-716.19,398.80
1035.52,-425.78,951.05
304.93,-882.20,644.65
321.78,-876.71,1106.32
-69.82,-1128.17,875.49
76.90,-698.49,1243.90
-44.31,-973.14,816.41
-1444.70,-327.88,1002.44
1304.69,-343.38,1024.90
-1701.05,8.91,1039.31
332.64,-631.47,1080.93
56.27,-514.04,1001.22
21.73,-511.96,973.27
53.22,-465.82,966.92
-16.85,-420.17,1057.50
4.39,-365.97,925.78
339.36,-414.79,961.79
-,-,-
1091.67,-493.29,948.97
48.71,-521.12,1442.99
598.63,-616.58,1010.62
222.41,-450.44,1406.62
86.67,-544.92,876.22
488.65,-843.02,500.49
420.17,-562.50,392.09
445.31,-578.12,-58.23
560.30,-597.90,-409.67
713.75,-611.45,-587.16
1126.34,-1143.92,-1523.80
2269.04,-1668.09,-2777.71
633.91,-1003.17,-652.95
-1283.08,-597.53,1174.19
1690.31,3883.06,-1630.13
-2877.69,2003.78,491.46
1064.58,-261.84,-214.60
731.08,-1417.97,975.34
931.76,-656.74,605.22
265.75,-787.72,657.35
468.75,-567.38,1053.22
521.73,-1093.14,591.92
494.38,-342.77,749.02
151.61,-101.93,963.99
-654.66,-140.75,575.81
689.58,-370.85,714.23
-106.57,-437.26,734.99
526.61,-305.66,784.79
255.25,-581.79,778.20
629.27,-309.81,829.59
480.10,-470.46,914.92
256.47,-454.59,845.83
235.96,-454.71,875.00
130.86,-532.10,819.82
589.11,-461.79,866.94
-56.40,-618.65,855.83
493.41,-574.34,886.84
213.75,-655.64,943.60
286.87,-695.43,830.32
242.07,-554.08,978.39
-,-,-
1008.30,-532.23,1059.20
437.50,-580.69,1321.53
655.03,-479.98,1126.71
143.31,-430.30,1420.04
212.77,-656.13,948.36
318.85,-627.93,707.64
392.58,-652.47,467.53
635.86,-551.76,90.45
556.40,-691.28,-352.78
957.64,-765.01,-977.29
891.36,-1205.93,-806.52
2315.92,-1563.23,-3229.37
-34.67,-1713.01,-797.61
571.90,233.89,42.85
-3999.51,3999.51,2230.96
104.49,1163.09,-52.98
359.99,-162.48,-455.08
766.24,-511.72,-46.39
455.20,-699.46,-334.84
394.90,-420.41,202.51
567.26,-217.90,332.52
227.66,-114.99,493.90
335.33,-588.87,658.57
389.16,-131.47,711.18
-477.66,-935.79,985.72
859.99,-304.44,1159.06
-842.90,-501.22,1159.18
314.33,-598.88,1377.32
-70.80,-500.61,1495.12
-268.31,-395.26,1624.27
3615.97,-311.28,718.14
-126.95,-109.50,1204.10
-498.66,-265.38,1192.99
199.95,-119.63,1167.11
26.25,-109.37,988.53
88.87,-112.06,1036.38
119.14,-128.05,939.58
195.80,-74.71,1021.97
148.56,-28.44,1020.51
58.59,-82.03,953.61
-,-,-
357.695740,-676.477630,793.119548
549.628206,-522.126099,137.724884
352.015980,-512.037443,390.427566
118.901129,-542.051756,1314.853010
372.219450,-373.260684,1080.247561
290.059996,-549.846973,955.271780
402.423657,-701.860176,443.477602
644.874510,-564.463793,302.781758
504.557988,-562.037879,-3.657015
727.452514,-669.763674,-291.657705
540.560582,-795.932016,-693.798143
1885.098440,-1666.093468,-3068.672197
2522.169488,-1720.024251,-2259.495954
125.208706,-1236.866824,-112.075830
1912.243821,-129.344553,186.519083
-32.553944,3934.779019,2912.960046
-1215.350422,1428.773991,-369.392609
534.506624,-1003.791052,-345.705819
1113.144244,-138.739190,214.375169
-421.022796,-1038.161270,-20.112260
1061.091051,-1381.117881,-146.244061
752.390776,-1072.119345,217.022728
958.320793,-781.239002,164.920603
235.295952,-168.245440,914.722363
895.350643,-421.168207,847.748870
-376.821586,-503.829754,488.358236
539.306144,-682.712737,742.345138
134.905709,-849.528976,411.724463
169.779725,-889.539622,700.542787
1757.960779,-1275.928130,673.200277
228.900205,-414.853310,993.393450
-317.788439,-361.342294,859.164992
356.620998,-508.496502,691.902687
156.333728,-743.375707,1055.617202
641.923234,-347.862879,660.364033
286.179055,-321.014118,1053.278630
89.145191,-423.722352,719.250696
292.927824,-666.625099,1255.798637
416.467487,-703.777312,637.706891
-72.954373,-754.247731,1000.332496
-,-,-
517.446230,-608.176381,898.913886
574.145849,-719.507887,231.303499
359.662620,-719.410336,321.085039
-8.188006,-652.842574,1496.333953
166.387423,-536.032626,1272.630321
389.918995,-599.301542,1035.596670
397.593422,-759.041669,579.619163
221.143289,-487.677259,344.759738
499.774525,-569.602120,286.299095
784.533028,-843.257070,-395.175200
682.724171,-613.328049,-557.478094
1784.610724,-1398.799429,-3030.774372
2571.320589,-1774.511135,-2174.171280
197.159606,-1245.094597,-246.544317
1896.813487,-15.366926,-117.297579
-82.790942,3994.010076,2914.853038
-1320.488943,1425.517628,-370.154485
416.377122,-1164.933587,-253.278964
1391.668864,-357.369318,122.286311
-313.136279,-1034.576090,171.387429
985.729672,-1130.954333,77.597111
597.478568,-918.121282,203.630987
683.380775,-920.878789,52.850285
277.632324,-137.154348,1090.319877
781.227832,-429.996915,897.437745
-241.753972,-304.224927,639.786640
419.812574,-559.094599,711.607126
0.242517,-758.466666,573.017391
57.487483,-821.859332,783.061494
1980.402868,-1465.593988,515.657568
356.957315,-282.440670,1208.968967
-531.774728,-268.158472,708.742098
596.394075,-565.879315,566.460262
272.224255,-528.689326,1025.374378
769.104682,-592.636201,758.891755
340.218786,-331.638196,832.443808
63.969359,-707.605737,673.064212
213.488468,-458.794419,989.123353
458.930159,-747.706557,643.405792
5.474593,-809.982891,995.952529
-,-,-
211.790072,-989.586758,827.127699
579.452882,-675.483190,121.225966
384.008006,-556.219657,252.207811
-42.477271,-445.482277,1375.091973
296.166969,-642.941304,1237.486069
324.308933,-636.888904,769.285607
598.656355,-588.208197,553.412759
303.607541,-354.135497,272.691336
429.605064,-407.136512,202.831210
759.345085,-736.246721,-275.998576
610.391244,-728.413054,-522.412120
1682.249688,-1387.537982,-3077.545760
2674.173305,-1744.155265,-2216.254164
155.661929,-1413.503192,-423.208603
2078.503999,-236.391214,-167.399440
108.242222,3992.693432,2810.688588
-1393.176407,1361.147753,-339.037046
431.608505,-1030.891014,-224.314667
1297.457162,-336.473186,52.698415
-306.972879,-1069.499883,-26.516919
1129.048634,-1029.101303,-92.505277
679.882759,-840.422220,31.998419
979.532857,-924.162952,276.597595
307.488409,-311.574711,1052.779664
837.301675,-454.338160,881.362146
-285.472436,-433.666734,622.055911
408.592922,-499.733192,847.590082
167.927211,-721.820951,556.056482
300.866689,-904.520848,711.499517
2000.871038,-1458.771374,355.142970
235.333522,-344.787173,1086.243531
-674.331295,-225.476033,841.180472
395.907511,-614.166018,723.225960
317.392488,-516.353399,1133.778250
646.578716,-553.674926,859.019338
280.019465,-532.850134,812.328991
152.393241,-448.951784,702.498597
193.071263,-564.044719,878.274384
399.887560,-793.244546,611.793826
184.776403,-701.355632,1027.085693
-,-,-
219.760305,-673.362806,699.291512
732.971038,-537.327226,145.903106
477.948003,-616.070055,277.841215
-11.887534,-481.344294,1338.864961
444.779845,-857.917031,1130.687654
376.733919,-786.453063,753.300237
555.964590,-587.840404,638.985322
453.290690,-597.920030,648.667731
721.777595,-577.905563,204.276459
550.552698,-712.707408,-296.723153
786.573016,-606.666428,-697.342696
1811.398354,-1619.231250,-3026.505758
2666.115890,-1703.674291,-2158.506986
20.273054,-1421.570886,-194.763002
1945.372565,-159.397215,0.629317
-60.195857,3845.418328,2978.922427
-1511.747243,1482.748272,-156.704595
334.754419,-1192.767795,-254.453440
1387.354725,-104.174798,169.187700
-263.776462,-1046.950466,-23.811008
982.568127,-1267.343136,105.148500
950.274897,-1008.747619,231.048280
911.001598,-839.198126,229.000793
273.560877,-289.227822,912.735200
1043.332230,-423.422735,621.916594
-373.420619,-356.805498,450.172640
478.880128,-648.503095,807.760790
24.892378,-862.574244,628.801480
280.734790,-695.791993,763.813914
2002.837736,-1453.929676,511.325039
217.388816,-488.338398,1132.021562
-601.720682,-444.163995,1047.696483
527.956087,-470.955253,502.852237
121.789762,-614.277067,812.248680
581.158385,-565.833287,821.612045
150.458325,-400.127489,857.462347
164.833558,-517.121715,615.927122
80.532627,-655.525003,965.814584
235.704661,-602.166762,536.215618
-12.268748,-702.779087,958.875784
-,-,-
242.961103,-853.566495,907.440766
346.537791,-499.174145,90.097833
315.549933,-497.824807,208.933235
28.628742,-419.953238,1285.475067
265.017876,-732.675676,1014.722965
275.646310,-638.396201,812.147040
440.506892,-522.696260,504.032755
398.762959,-629.137530,357.280375
540.565281,-526.223213,121.278614
684.565556,-693.720269,-233.136738
808.121907,-714.188518,-921.660683
1803.998360,-1637.886413,-3157.908271
2432.760062,-1739.765352,-2195.869828
158.657013,-1286.473885,-211.869556
2034.377397,-168.935775,109.030279
-15.593702,3938.787707,2861.610969
-1328.688861,1435.690650,-382.676117
611.771142,-1224.358325,-224.144912
1306.063189,-363.632855,245.542613
-256.402196,-1100.706704,-95.258189
1037.705129,-1213.701509,14.163434
839.561884,-845.521123,308.962887
809.041376,-888.612184,155.420599
293.562383,-183.444053,932.882136
775.627359,-404.728986,882.052785
-351.547774,-394.148094,426.023806
620.953468,-795.984906,848.723767
-26.931276,-785.464212,455.829381
296.475788,-827.751202,702.242253
2148.666043,-1478.012311,394.655433
328.709022,-361.606533,991.028721
-559.978915,-333.629582,922.401054
468.591669,-492.357394,730.959633
182.181076,-591.349813,972.538708
574.875287,-623.478053,859.897332
220.160471,-482.304465,916.707890
153.343677,-593.241078,837.361968
320.320125,-548.673149,960.157928
298.750971,-645.524399,705.804170
-14.289160,-660.920296,1084.221309
-,-,-
502.749228,-595.562610,638.664801
393.005977,-186.510621,1028.860015
861.827734,-670.955758,1124.302501
-140.461675,-769.457722,1495.990546
980.130582,-730.201244,915.436782
245.672771,-605.437962,729.877095
278.660244,-439.247667,432.786714
467.668955,-923.236656,713.602704
423.034043,-670.514729,350.334165
456.614740,-749.523858,-551.340385
1100.970557,-650.761456,-268.301435
1127.237335,-903.567457,-1149.462300
1843.262581,-1809.350462,-2721.291262
1808.029073,-1696.457951,-2135.498830
-1678.360983,-1692.821806,-1522.267232
1094.212205,3971.752417,110.585786
1685.315172,2071.356140,227.756121
328.569273,-927.193260,-375.134833
1133.858219,40.176659,-16.650637
716.421506,-135.368120,2.218339
-91.110576,-675.034425,9.656704
927.720312,-187.659573,305.023019
456.625456,-300.607799,74.035615
131.256949,116.704181,-34.446642
699.571371,-503.064022,609.689752
460.345438,-1179.792849,636.380313
619.519619,-360.248198,1041.222372
257.102462,-849.541234,1079.174683
205.710488,-809.617512,1468.025886
-153.139209,-874.814462,1544.937896
-100.908031,-478.716228,1464.712821
-1035.990387,-442.865717,1113.514756
1616.746911,-129.736992,1286.398527
-260.666057,-601.032105,1176.513271
-194.813287,-489.054100,1117.256012
266.250142,-520.298499,1134.497530
-88.972852,-346.126037,1033.657732
-194.218517,-302.081604,980.221853
27.916117,-419.830634,954.192416
20.284061,-234.956733,905.332073
-,-,-
408.066213,-577.782310,768.894010
546.949763,-266.002783,1081.095096
929.144927,-741.965301,1105.595400
-149.111290,-741.065618,1408.029206
1097.893076,-806.259563,1043.940219
324.418104,-733.290434,929.341492
519.102507,-750.311124,503.702511
323.599900,-669.535299,956.031014
610.107251,-751.750460,344.144768
609.529688,-723.470922,-317.999135
924.005665,-690.000185,-245.302299
1205.314546,-754.242079,-1086.120282
1764.813025,-1889.623700,-2840.425980
2046.931033,-1545.943526,-2090.297876
-1577.015552,-1740.122030,-1376.639376
1335.478661,3917.758844,132.052703
1515.042751,2436.422263,173.796840
292.688480,-827.598196,-249.841269
1234.589603,118.222468,-185.681423
702.893686,-249.605070,58.943391
-216.358689,-858.900516,121.244774
871.857549,-282.037713,254.306043
466.987675,-86.916447,120.142197
323.148915,-13.988134,-55.916912
556.745883,-590.521077,602.661083
575.055667,-1332.149140,662.878165
667.939995,-418.005435,1242.593649
92.794968,-997.496477,992.565609
89.083201,-654.243816,1308.133482
-306.042736,-757.511462,1591.601770
-63.618967,-404.869816,1260.227413
-1187.347685,-415.550717,981.968202
1540.162584,58.830123,1311.276148
-214.586602,-540.045505,1054.853486
77.985124,-307.682957,1123.879416
372.976616,-369.968529,1103.357867
-96.801774,-226.707401,988.039965
16.365494,-64.071948,835.274432
168.125036,-306.194980,922.175603
164.776348,-254.151674,882.788982
-,-,-
191.556608,-518.537382,771.096678
503.138293,-223.693493,1100.698874
985.505234,-730.059411,1082.679987
-152.853314,-838.790205,1414.978554
1120.195580,-573.361743,1149.703858
279.762979,-602.420027,798.434399
132.587557,-628.980900,529.472304
383.632092,-705.910631,715.720422
560.857592,-587.091433,376.756875
608.820572,-712.802891,-489.155832
828.625910,-693.249713,-150.189622
996.220271,-845.530012,-1124.040810
1751.897721,-2009.314442,-2621.122322
2036.649685,-1669.143159,-1961.808433
-1606.722109,-1453.408895,-1491.692005
1226.184973,3910.380608,87.361428
1603.422734,2321.913152,145.888160
138.316571,-845.829672,-116.421595
1219.186197,-21.157389,-228.409255
542.185202,-383.635349,105.372567
-113.343115,-869.315692,273.624023
895.989840,-350.806559,187.079236
601.970889,-275.323281,17.241126
211.293052,-90.134573,37.162699
741.825293,-544.976558,791.850292
208.453078,-1246.011288,585.809658
661.469793,-555.944919,1131.198092
160.871190,-1099.953010,1123.157107
-25.261510,-675.475668,1449.111079
-203.752951,-641.458075,1487.875259
-55.170926,-501.131614,1385.228007
-1046.049951,-332.479101,972.416397
1554.315865,52.155491,1068.928650
-373.671610,-770.293793,1143.707111
-193.751032,-343.435804,1005.689563
497.167454,-335.938035,1034.183561
-109.288631,-247.582375,907.862522
-174.063717,-373.958247,937.080509
101.135972,-180.599653,990.023028
189.647334,-47.822411,779.129337
-,-,-
372.850581,-818.291610,722.308915
707.272569,-356.477622,1057.285174
834.697324,-813.022145,1048.440171
-72.307051,-796.790567,1527.296966
973.836747,-710.125004,939.377530
353.444423,-539.265331,885.762402
304.714434,-677.985672,437.209439
364.695319,-730.955218,666.754756
542.714846,-806.171562,331.516142
576.438890,-699.162929,-427.905999
1055.937782,-440.316945,-485.579435
1227.349681,-888.929744,-1021.306836
1771.199907,-1983.400681,-2547.535576
1888.012615,-1670.087928,-1914.761970
-1437.664584,-1755.179746,-1519.198218
1210.505145,3819.577814,98.724398
1677.694841,2110.337479,105.287442
455.136717,-711.680115,-384.208286
1139.882858,-102.755347,-120.214695
631.864628,-245.611624,84.274784
-72.891375,-954.117376,40.637703
833.143692,-245.925693,260.370437
574.295697,-308.190912,35.174997
101.789033,-106.058782,-55.100894
738.085921,-531.154803,609.806535
384.599457,-1199.118560,542.762582
504.107277,-484.342585,927.952997
219.855127,-926.215933,1200.879497
191.051848,-602.542256,1456.432068
-475.713004,-774.249188,1464.050251
-195.303801,-603.909982,1367.510693
-1253.345610,-188.378912,1130.501355
1463.229243,-63.513642,1168.572092
-449.206642,-501.618909,1076.363446
46.279796,-388.018025,1055.864907
415.665159,-367.651390,1101.120530
-166.870503,-245.971932,1089.528522
-66.674809,-399.097331,1276.211630
247.969409,-243.639376,1051.713991
110.547414,-239.941407,956.665051
-,-,-
313.172936,-765.812506,894.805835
519.505169,-246.855177,1163.840698
866.684775,-780.994301,895.874156
-117.793894,-899.624810,1476.157505
1122.669433,-516.386709,1028.880657
437.099876,-489.659630,824.760244
263.153011,-617.809266,413.170144
361.373094,-760.581592,656.568830
744.620110,-728.318038,321.360758
464.811836,-802.571659,-396.135971
1074.408414,-540.901247,-238.488468
1206.216432,-855.078079,-846.942191
1874.344849,-1981.112465,-2676.822130
1986.540634,-1944.409360,-1843.781914
-1620.082405,-1615.905453,-1600.995037
1319.300145,3945.116196,211.698636
1501.898797,2284.866492,268.328524
216.668238,-723.400541,-248.766596
1124.320029,-152.995874,-174.353378
504.267639,-272.922680,-20.283224
-135.046801,-723.814109,105.689851
676.738358,-226.569419,56.623250
552.108178,-368.370015,71.597302
127.452173,-168.538619,-14.307705
657.621740,-477.269163,784.754704
421.966913,-1357.445228,735.704791
720.940480,-445.148247,1014.704372
265.723792,-939.029269,1382.029838
39.497262,-648.562467,1563.283062
-413.694894,-565.429318,1531.680665
-156.435819,-542.684848,1496.144651
-1248.200371,-270.342859,966.627097
1508.624605,-80.442768,1414.305044
-282.709108,-402.968318,1285.872214
15.725591,-336.233289,988.993511
213.749714,-528.795640,1067.018901
-82.920529,-430.891854,956.677452
31.232650,-342.739907,1070.162454
130.176709,-156.327299,1017.304084
-38.141600,-268.129391,1077.489801
-,-,-
1085.440254,-874.819660,1131.570875
-566.073678,-353.146953,1034.078497
339.754213,-691.210596,905.384600
475.910854,-761.751323,1598.929394
68.203377,-758.784365,1205.355463
370.949528,-586.785038,1156.902288
213.152248,-681.829978,846.921687
110.160323,-509.234795,648.161588
400.508282,-663.159354,72.933260
568.920092,-633.646406,-12.097682
894.376081,-578.921654,-929.415972
1075.845678,-1258.510119,-941.491523
1434.883665,-1347.300941,-1954.169884
2637.677235,-1926.690685,-2569.116702
152.511688,-1281.330032,-533.995594
1321.780674,2826.970206,720.982845
208.959370,2425.545170,-416.424271
-1048.223795,736.212858,-57.599001
1030.017524,-384.172978,503.691903
554.741998,-656.469221,-137.659577
605.064328,-878.636029,-64.315406
436.347597,-394.504859,517.893202
712.852850,-413.979225,304.935695
70.149518,-678.882583,448.150715
1280.645055,-441.481763,856.894374
202.449214,-823.107013,546.644405
123.536830,-1039.130312,1140.860193
-202.337090,-1182.309093,930.821127
-17.919836,-819.682659,1245.898921
-61.111378,-1026.410306,678.889484
-1577.714851,-390.511186,865.361880
1348.657072,-260.575352,911.267378
-1728.487102,-29.294562,1170.647370
558.945368,-670.830621,1021.596663
120.710706,-290.126671,800.944534
-139.493244,-422.076201,888.618094
-16.447238,-431.404533,1064.905465
-14.084281,-522.918165,1060.442212
-141.115713,-255.976442,947.732964
120.890123,-490.600124,1099.186225
-,-,-
1120.970716,-730.905820,1131.096755
-564.863523,-269.489170,1042.972090
296.497890,-605.011414,1022.801604
452.796335,-764.154031,1473.390945
360.158287,-760.712605,1137.685005
228.061375,-705.094934,1187.083540
72.654134,-608.751502,913.900700
521.506745,-641.697231,552.729366
292.570747,-633.819642,141.736983
549.117527,-492.475885,-103.287579
790.203105,-880.945924,-1005.864227
1147.333377,-1003.355542,-1044.214703
1604.923367,-1195.775743,-1686.665237
2653.634845,-1771.572957,-2482.262852
270.310628,-1504.190952,-475.031503
1229.900922,2856.868121,692.140086
461.906894,2268.515582,-450.521569
-832.923546,610.355353,-341.006183
984.862792,-690.954519,340.072336
616.540113,-546.199633,-309.190155
568.339995,-951.295550,111.156109
328.049763,-437.779169,346.686426
644.713807,-154.681650,168.580297
61.757988,-665.231943,366.655630
981.503795,-272.838663,1065.815814
206.492109,-845.875350,581.367272
580.748797,-642.515909,1195.434178
226.899885,-1105.583984,981.871785
68.247923,-472.485805,1104.382960
14.686825,-887.971182,930.913836
-1478.595773,-247.996041,993.511099
1265.892202,-421.041927,864.995949
-1596.786025,-40.795254,1056.023454
360.322186,-653.885668,968.739503
142.425155,-520.403547,1080.170549
31.202352,-574.907503,989.205006
12.454056,-553.925548,777.313676
73.104664,-288.571469,1188.469411
108.245663,-415.855623,1094.687575
162.104042,-555.940219,867.517230
-,-,-
1044.377290,-784.971815,868.480924
-559.079346,-353.088395,953.119303
366.867496,-624.406567,1153.346801
572.213425,-829.161695,1575.904129
164.525991,-840.507393,1043.558371
513.077500,-619.559214,1034.716577
236.074437,-534.004491,812.883064
73.770556,-647.116784,416.884541
406.809256,-652.291236,-89.550417
681.143686,-453.569439,-77.696744
855.541008,-622.680803,-797.061638
991.206327,-1298.603748,-700.980486
1484.853368,-1089.043672,-1930.044253
2709.844802,-1789.581676,-2471.081643
223.217714,-1265.906033,-330.171418
1338.673571,2725.253269,816.984334
39.814933,2288.811845,-531.644237
-886.352205,784.052496,-336.262224
1058.537625,-426.793747,280.238891
367.747294,-780.829960,-437.932679
588.704282,-877.239883,-248.052690
487.163532,-522.744141,359.879841
536.735151,-441.813407,297.305207
67.977173,-657.949459,390.258643
1101.409298,-363.880766,1130.993083
326.427307,-985.229378,630.708893
265.331246,-747.762848,903.590300
13.887875,-1130.066492,883.669584
-11.090704,-545.241684,1399.849549
32.946121,-1041.451771,850.708847
-1497.981718,-354.326287,848.922796
1255.354506,-334.421634,1087.288674
-1756.626801,92.342544,1002.480571
236.726707,-735.635663,1051.725054
64.550578,-547.378008,1091.091595
85.851978,-425.014107,971.993296
64.007726,-594.097897,1165.814249
-177.461660,-223.990245,1203.896201
25.331493,-491.805280,962.759132
408.983362,-547.801855,971.137535
-,-,-
1065.623516,-764.583648,1165.892584
-467.937279,-376.867120,1116.854142
248.165814,-687.200464,1098.044148
623.116358,-716.074905,1584.088149
289.775754,-745.375964,1051.646887
265.298004,-766.757732,1155.482412
380.615088,-523.730252,912.252870
115.452077,-417.974165,479.844637
400.505814,-649.320026,147.649825
669.478534,-708.399461,-232.176478
944.485105,-809.279841,-817.335964
886.335531,-1040.948519,-1011.985000
1376.725965,-1426.317084,-1803.258500
2635.633242,-1743.301961,-2640.944452
141.037438,-1111.348812,-419.307255
1034.265641,2992.846631,953.209424
248.218243,2409.419815,-449.151159
-916.102119,819.312408,-182.641215
990.104660,-517.465618,488.298878
633.890647,-570.199314,-415.163173
543.079912,-724.927830,71.917457
334.361729,-437.689271,459.179122
817.539712,-316.712217,298.176738
23.822215,-752.672174,538.424435
1077.088724,-516.713989,963.233452
419.490823,-1112.935493,959.381232
433.025720,-942.481358,1230.536155
71.827609,-1033.112959,805.740021
178.266055,-632.271949,1229.110048
-30.358899,-930.423152,1042.864367
-1442.233436,-196.203133,1101.440926
1350.882198,-506.498775,1016.177542
-1745.592028,-142.779185,932.931624
300.720555,-532.015310,1122.463786
-141.832287,-411.155607,1134.502818
9.039187,-623.353953,1040.825379
-78.645453,-409.028677,1095.174981
-117.966706,-442.854865,1163.280469
-37.357458,-394.153210,948.042099
195.646390,-476.342359,950.056801
-,-,-
1126.747400,-697.979140,1046.855280
-350.425805,-438.712289,976.245849
211.644138,-748.193274,973.153477
666.578707,-799.000691,1695.818222
91.621935,-815.175315,1109.469477
468.453515,-570.278812,1375.564500
300.488142,-731.767034,916.845761
128.823270,-767.146325,476.313569
389.850236,-663.944332,186.185287
564.804758,-704.761401,-298.722673
810.292870,-694.420681,-770.205726
895.957640,-1246.015169,-905.043664
1456.278043,-1343.513747,-1678.422982
2612.006458,-1797.725504,-2539.794250
294.972526,-1349.581360,-586.187514
1221.583898,2966.827780,862.765977
187.338210,2394.126926,-531.213513
-938.995106,872.417239,-356.266924
1262.522586,-413.330104,385.781876
709.764494,-746.385229,-325.887822
602.320096,-873.984933,-125.411300
394.425082,-332.874958,275.373442
502.166890,-298.991806,305.971024
102.409689,-627.170268,378.753239
958.316224,-619.896750,1011.093840
399.238178,-1014.342862,589.050566
488.041405,-916.240820,1147.964532
67.046763,-1167.804364,888.318347
71.683348,-717.108930,1259.453509
29.371909,-1065.299679,836.626128
-1525.661770,-395.935190,1031.907006
1374.618587,-322.231350,1026.245925
-1634.769996,23.137160,1207.970438
301.012013,-686.836805,968.439959
-77.370905,-606.328954,1163.659810
51.800220,-582.904156,960.362860
-98.147177,-389.444477,868.979752
27.567585,-358.333986,969.206261
-36.405436,-506.190948,933.588521
153.787440,-456.879513,843.982859
-,-,-
1213.921522,-471.009476,963.510307
-52.875095,-621.177796,1396.474341
678.491274,-633.784608,927.495985
402.861032,-529.148340,1312.112056
106.369236,-576.495604,891.950006
567.815813,-751.662808,447.998578
488.541035,-561.286903,190.408009
520.197596,-614.508924,-31.757341
425.668398,-795.341596,-457.336174
651.866678,-703.691863,-529.623411
1201.187084,-1171.553401,-1441.254263
2307.604709,-1828.623678,-2724.833845
663.258538,-1024.851138,-683.039867
-1177.167579,-636.779717,1051.729155
1567.852828,3950.557145,-1869.089869
-2941.176659,1991.252823,446.925111
1176.883777,-225.180556,-445.488055
578.693055,-1341.271908,1025.379144
806.272009,-647.945348,526.780731
223.096725,-804.147802,691.014212
642.910376,-439.120424,1034.411727
490.961145,-993.252402,565.740666
654.228930,-370.148403,541.445776
-17.885192,-22.702186,1007.927094
-791.539544,-143.159899,597.807125
659.062256,-445.628790,834.895695
-161.972965,-385.836705,547.692198
392.723915,-253.726486,766.939206
284.532861,-627.652759,934.594945
689.363181,-96.049308,739.435898
436.644928,-396.228720,690.005410
288.672329,-572.734024,1040.433769
268.389432,-462.898083,838.977518
143.831518,-723.608964,784.913191
634.121824,-335.194790,726.974736
-165.880575,-500.584518,733.965604
359.576544,-412.698895,973.185114
312.207962,-856.444126,885.572986
382.406570,-1049.170019,763.490548
321.574751,-538.691837,964.333027
-,-,-
1118.010239,-331.548671,703.105957
45.577478,-429.072532,1575.786260
589.666876,-498.912034,985.349493
317.799443,-542.761264,1251.462127
25.697970,-625.875728,1002.281525
583.104400,-740.986071,445.134912
624.621522,-562.767063,511.192151
195.368468,-702.729686,-33.775867
558.959545,-528.059213,-523.749161
583.120282,-683.265388,-694.162308
1128.219010,-1260.157270,-1746.920187
2143.789789,-1775.187321,-2680.766279
491.044882,-1109.266298,-653.868336
-1137.653447,-792.142553,1088.940396
1342.180825,3937.980123,-1687.408584
-2888.129920,2096.713413,500.178395
1218.262691,-456.358029,-78.312291
849.523040,-1246.024845,975.739875
821.485799,-668.543511,456.922933
235.892974,-803.005528,777.019281
433.134656,-522.774702,1181.360815
479.107845,-1153.286450,450.049720
479.875438,-320.056932,825.097998
264.133649,-77.992736,884.176276
-581.365152,-405.950475,607.692632
732.545811,-435.129982,881.350928
-50.509839,-392.621747,641.412706
474.562367,-224.190774,901.185735
312.146468,-490.057001,703.965670
501.523891,-406.417913,735.216452
401.114692,-490.643520,862.773658
234.876271,-388.956623,660.158632
142.037036,-561.649735,1021.852867
8.884753,-651.268081,841.178933
648.379121,-614.995365,783.944810
-151.455671,-619.906679,895.487271
603.463768,-467.006112,724.239738
169.367666,-711.059428,968.584753
334.407717,-607.230087,706.703437
253.712029,-518.967108,913.175633
-,-,-
1055.798951,-427.637245,941.125112
121.796276,-368.387642,1397.811936
558.008614,-545.850828,1116.018275
155.003108,-306.120271,1347.212519
225.682211,-490.806417,649.665135
431.490756,-828.918514,440.836892
469.328827,-568.677736,297.409745
474.940336,-599.704869,19.901902
443.174309,-547.567924,-378.395296
834.825097,-820.643237,-586.979809
1057.964485,-1335.341438,-1500.861532
2355.703138,-1637.861087,-2763.671467
773.860393,-1098.992045,-636.594979
-1114.891678,-783.198088,1270.190613
1722.687139,4023.987827,-1566.834388
-2860.900932,1922.658942,298.277155
948.897708,-117.842748,-313.963587
677.972871,-1304.656490,848.641261
901.419762,-419.950164,612.473164
259.169040,-846.472217,548.029220
347.431568,-533.251622,1071.276415
437.836752,-1034.554628,680.957354
196.648076,-401.543721,737.617457
145.604213,-149.787871,995.066650
-757.674536,-186.717583,640.077925
644.267384,-423.961876,730.381195
-107.787046,-255.387004,737.826422
550.869243,-465.243342,687.536861
205.239175,-632.253597,573.714200
596.511680,-162.179858,768.317578
332.913358,-518.518223,1109.637369
318.431027,-373.663865,707.924745
252.496034,-391.614488,825.328042
92.820689,-554.643948,612.648666
587.710884,-513.594739,1047.105805
-79.705304,-633.781825,807.528665
548.962013,-644.156479,788.155715
180.317750,-585.569000,993.778727
407.021296,-994.433527,868.529145
158.115446,-545.283238,993.092646
-,-,-
1046.736325,-535.514197,911.849983
-42.024698,-391.873633,1356.296694
695.774456,-695.858986,952.289106
123.184800,-389.788123,1571.891301
29.487974,-507.043622,891.951544
534.197191,-933.420581,537.733488
465.319935,-287.155458,453.740132
445.278072,-555.341819,-157.426576
514.844540,-538.130327,-386.095117
772.443145,-557.660545,-536.633721
1016.465984,-1238.725142,-1403.014455
2234.657757,-1604.061194,-2794.910712
685.890672,-1056.720963,-531.536187
-1245.864483,-637.177173,1135.052066
1625.797773,4079.772898,-1633.468132
-2929.813150,1952.281620,521.275433
1012.270713,-306.824663,-235.086383
667.706030,-1390.881042,1125.407694
1060.068329,-438.847879,346.350127
214.486890,-641.899182,748.573256
496.018790,-693.960999,779.236570
414.170695,-1178.014019,593.023774
465.244548,-441.878865,780.928380
13.386786,-85.650340,984.227704
-763.809056,-133.461153,480.917696
711.499836,-343.906215,714.482780
-122.781530,-454.712542,750.296902
606.409078,-224.329782,852.498710
326.514439,-778.557451,768.039352
599.830310,-198.691994,692.624883
378.239436,-637.396266,928.229119
454.311584,-403.845823,755.132340
103.056890,-541.104089,712.602526
33.035726,-860.339854,942.370373
759.514076,-551.886974,886.055228
-238.913045,-574.529468,757.922716
471.395597,-536.714063,1052.681125
198.806539,-703.829525,990.176837
301.014885,-605.211005,811.903590
149.616570,-529.554693,1021.318942
-,-,-
1155.094684,-362.716637,922.073698
-69.184888,-527.847145,1277.550488
469.562474,-564.678591,1205.380765
149.058195,-372.250053,1344.533511
23.420989,-558.036519,621.395408
576.559745,-844.074151,448.290703
423.182656,-390.636262,464.501670
275.411091,-629.625424,134.444009
621.504052,-766.916540,-413.075485
734.723607,-804.628582,-625.964116
1013.017462,-1107.733652,-1557.203603
2234.220613,-1592.500791,-2726.954841
621.447667,-851.936656,-660.062170
-1354.521645,-656.230990,940.232748
1756.233740,3894.545654,-1525.486915
-2882.236573,2189.476354,535.960405
1090.444363,-365.050914,-285.446152
738.945979,-1379.212058,1125.182586
1074.964074,-665.536381,690.619659
217.735504,-581.289352,614.653620
238.642888,-659.580344,1020.711369
507.276107,-1136.089584,586.804427
301.120537,-395.499533,649.645299
-42.784662,-162.702572,843.660945
-635.944014,-130.998699,551.861980
507.200712,-213.887587,640.147080
-139.775834,-509.663559,627.181444
416.253847,-99.709477,647.016133
157.205724,-653.185803,841.587827
684.166466,-266.819613,838.980420
435.209674,-392.966572,941.134992
101.506985,-410.306555,1069.373050
245.893570,-325.398250,895.998448
148.370818,-568.259742,874.378824
547.716668,-212.563780,744.449783
-273.323787,-599.712495,970.565326
484.632603,-400.420672,919.361043
305.389931,-844.153892,1141.539842
173.116269,-597.078285,921.343596
243.586116,-528.119346,922.081983
-,-,-
927.565515,-606.270008,1118.939494
631.202413,-677.162066,1305.477946
827.495532,-437.621983,1079.661751
-74.603608,-396.370224,1265.891458
154.547306,-625.335138,1104.093530
375.698203,-591.708527,659.095333
456.007794,-812.510966,319.530626
662.843220,-697.908614,311.846022
486.812089,-676.889208,-311.731603
920.638840,-774.164286,-948.655118
911.159720,-1272.719752,-874.989833
2355.714597,-1644.841317,-3229.776296
-15.096982,-1670.563258,-732.103353
749.976734,124.145920,7.954054
-4125.595854,3923.710152,2115.496415
185.675201,1225.076278,-96.778555
549.316117,-219.239010,-371.007728
862.314902,-560.343575,-216.092529
370.255218,-704.925090,-326.392710
420.733645,-447.924126,389.895824
569.300137,-199.636588,477.745810
144.123806,-59.437885,528.652942
362.203673,-721.627235,515.802083
408.747550,-73.280182,758.622578
-629.611290,-947.831134,950.860541
1019.263559,-202.358505,1024.371923
-915.749875,-596.001117,1110.543981
330.459442,-696.808779,1311.267343
13.933621,-593.681312,1565.315650
-419.249108,-411.086008,1560.901639
3640.643032,-498.446740,620.179225
6.888721,-17.007580,1254.949811
-612.499190,-302.926825,1275.808277
300.054429,-197.334127,1178.783853
-140.153554,-176.827457,1009.593758
126.426629,-67.593844,1190.061504
155.892002,-131.617019,803.892031
353.189214,37.120551,684.237085
301.162521,26.802677,982.301329
-35.597071,-143.099271,958.757885
-,-,-
978.913392,-607.387212,917.630362
443.141157,-542.127055,1377.277849
600.426563,-418.226861,1238.602537
120.448493,-419.595420,1501.105057
188.958553,-672.659859,958.603690
465.959783,-692.890591,712.137560
417.946854,-518.305339,440.551312
622.041155,-633.960881,215.350871
455.038588,-739.006673,-419.234152
931.992333,-806.575175,-1037.170061
911.444101,-1160.307560,-816.650952
2294.524752,-1391.891032,-3255.541172
-57.830028,-1478.743820,-692.766795
587.324918,261.625438,203.311710
-4136.814213,4067.878451,2392.002098
131.095408,1205.330417,-3.234852
398.515544,61.304697,-714.643841
732.759563,-452.934144,45.191544
471.905489,-847.085204,-357.097948
233.683060,-501.826043,132.408782
512.506789,-292.420398,367.394304
234.834938,-106.051041,287.517693
241.519664,-761.304491,861.535001
294.403047,-82.096297,740.941596
-552.348821,-1051.472769,1038.394502
869.778618,-461.574947,1261.764824
-1035.284769,-621.673031,1189.097261
285.447871,-712.528300,1347.687485
23.923726,-639.576843,1389.489867
-282.425996,-497.843530,1617.347180
3547.315297,-303.317474,535.616644
-98.734246,-168.557742,1285.840909
-600.661982,-215.979913,1338.066225
222.735713,-74.572098,1144.602372
45.828388,-67.064184,1213.301465
159.920821,-254.463619,1092.555887
2.654635,-103.534568,1076.188524
187.485008,49.951950,903.668698
28.074226,-22.364235,1057.308749
83.061566,-181.608773,952.905760
-,-,-
1030.877807,-366.713426,1056.665850
526.540741,-619.075886,1270.372449
662.978887,-420.276292,1087.987382
262.374397,-367.601309,1324.819171
86.748344,-606.143445,957.660438
317.633324,-626.808670,560.690416
283.598599,-737.130768,295.726165
617.779489,-461.003920,130.517501
461.518357,-716.985960,-249.602597
876.766060,-754.465948,-1141.198913
883.366384,-1008.251088,-838.857038
2230.415052,-1514.662081,-3380.202033
127.115134,-1676.146370,-815.658446
581.338425,352.734674,-116.761883
-4009.079140,4040.719645,2269.073951
136.406719,1280.153939,-35.615564
360.020259,-107.077723,-443.365838
741.913205,-446.362044,-70.086391
342.734568,-677.349885,-301.974568
418.997474,-510.760141,58.156049
658.229448,-154.417670,285.207923
207.955538,-48.321732,332.110588
507.892226,-519.774456,494.301272
541.097912,-53.834655,781.940649
-518.121216,-873.849511,921.154568
840.717864,-463.817881,1105.009416
-694.375738,-378.997362,1141.557005
345.090903,-632.787005,1234.542357
-52.117957,-522.744282,1583.942642
-293.658309,-464.060583,1613.386530
3778.628202,-365.930187,598.912119
-172.919997,-60.923707,1250.526518
-534.447335,-273.608966,1296.912083
236.839068,174.138885,1030.716432
46.149977,-11.780421,943.580282
104.727268,-35.159022,1178.290546
257.933338,-185.950123,1022.178492
129.534836,-132.394952,1091.242059
176.707403,-58.172930,919.583453
33.125686,-248.045072,1011.354708
-,-,-
805.106393,-546.744123,1109.878029
378.383705,-627.060633,1312.875901
626.233075,-511.434700,1174.600480
86.797780,-552.152333,1276.023924
302.168540,-765.945033,818.513809
281.528167,-637.367043,566.634933
381.353208,-571.905998,518.232914
527.584241,-462.916830,48.147784
523.787728,-696.699724,-596.240681
1083.902104,-745.285847,-921.747402
832.448283,-1212.493093,-673.791105
2246.581740,-1526.579617,-3405.707929
-22.081799,-1690.451416,-777.199031
596.835181,377.295710,174.050818
-3935.376162,4000.378086,2083.455543
47.780131,1205.613938,-87.761613
545.125061,-258.589600,-389.562802
732.574900,-495.425832,-37.134598
472.730882,-543.236119,-345.378098
270.659284,-463.126498,230.239470
428.256853,-276.638107,392.832496
308.067299,-61.245399,482.345784
321.802322,-620.196310,454.971335
347.665900,-143.187439,740.671469
-566.817706,-908.049745,846.574588
841.728558,-234.804329,1009.889281
-1004.705755,-540.821471,1143.877453
364.065580,-730.252103,1399.715991
-92.003539,-401.850982,1351.807969
-251.065161,-416.303002,1721.585559
3640.135595,-389.924889,740.307576
-101.834257,-210.454717,1233.381359
-561.741005,-317.128025,1382.194141
176.208644,42.542061,1294.164791
-82.876307,-131.533939,897.939181
-45.114897,-56.170769,1129.331002
9.901166,-125.645330,1140.935530
378.574702,-54.659305,1157.793539
183.978998,-67.223076,1035.660819
128.672996,-139.665912,927.536218
-,-,-
824.553582,-446.868335,1275.198975
551.503740,-593.273845,1281.220024
733.695034,-327.158696,1272.953062
-38.365079,-320.934938,1512.150872
220.419477,-833.400340,831.866496
381.356056,-679.936899,711.778228
457.370170,-667.698177,399.618105
411.399541,-609.729760,30.922610
529.798410,-687.921662,-542.176550
1007.586203,-881.041941,-826.164624
708.578634,-1245.815669,-710.297497
2339.855297,-1608.575879,-3192.536913
-77.974060,-1733.471780,-524.893427
357.170163,152.820234,-27.404141
-4112.919443,3994.635361,2118.216208
243.710687,1173.137940,-6.226616
307.643618,-219.981429,-476.968934
772.998392,-639.441566,-216.957963
561.066571,-662.290390,-490.748821
292.204117,-379.303671,317.191995
429.835855,-166.744912,317.962567
245.841139,-301.847041,621.751738
263.424090,-743.857341,772.007237
474.196868,-102.870290,662.453289
-473.583374,-1001.785583,960.439862
727.226319,-345.394335,1148.623216
-839.899344,-467.470100,1219.910484
372.003537,-459.971639,1305.288098
66.135877,-465.031256,1488.152661
-431.330448,-394.653557,1487.970553
3585.005590,-261.053045,903.184861
-207.629933,4.252344,1259.963718
-335.568308,-278.998931,1181.283006
258.066895,-135.910232,1150.230675
81.721768,-242.626640,952.903663
50.465347,-153.579629,1130.111993
81.099031,-159.463103,1004.403227
174.143181,-20.877269,1021.251845
50.729404,-88.706117,953.135824
46.514835,-60.594039,986.993095

-,-,-
-535.01,-619.01,968.13
-247.51,-589.08,908.63
-261.2,-610.19,1129.06
-319.14,-769.12,1129.31
-84.91,-762.21,987.06
-125.75,-725.09,929.07
105.23,-648.72,698.32
285.45,-821.73,667.31
431.4,-923.3,286.64
987.96,-1266.71,-351.38
1653.27,-1485.12,-1355.73
1765.02,-2095.19,-3067.04
728.97,-1855.1,-1875.77
291.06,-488.35,-441.64
-940.74,1592.72,-2947.07
-3492.38,2971.28,-524.23
1805.23,-985.82,-553.47
-660.2,-363.07,785.23
1280.56,-728.04,413.93
357.2,-671.26,754.86
-32.71,-861.09,853.09
286.21,-704.2,758.88
87.95,-571.76,751.89
69.67,-672.36,644.95
38.8,-721.17,563.98
-10.56,-780.99,432.22
-807.65,-634.92,88.85
733.44,-911.28,365.35
47.94,-234.1,321.58
186.06,-619.64,318.96
410.37,-537.88,406.79
552.01,-572.22,416.65
376.34,-696.78,615.92
215.97,-621.35,764.45
345.61,-652.52,755.99
571.73,-582.2,1009.48
277.36,-577.81,871.35
7.27,-576.8,880.94
152.99,-623.48,839.12
56.68,-555.45,997.23
 -,-,-
-475.76,-641.26,904.72
-270.79,-643.4,919.0
-265.32,-669.43,1065.27
-289.25,-644.35,1069.81
-95.92,-704.94,992.7
-123.49,-645.52,834.01
101.61,-732.13,760.52
295.19,-770.13,611.69
401.14,-947.81,288.59
1126.22,-1191.17,-324.2
1577.54,-1488.99,-1409.84
1716.91,-1918.08,-3092.01
755.38,-2000.69,-2004.27
288.88,-449.55,-406.07
-922.23,1645.55,-2951.46
-3619.37,3424.27,-542.66
1618.32,-877.59,-616.25
-622.7,-360.2,819.01
1287.12,-730.32,465.53
374.83,-623.69,755.44
-33.31,-993.19,770.74
278.1,-694.76,769.45
83.83,-520.54,693.42
77.77,-661.22,649.05
43.68,-692.61,606.51
-9.48,-757.94,435.54
-955.15,-560.27,80.6
673.31,-761.41,346.35
53.18,-257.6,341.76
195.07,-700.93,330.88
463.84,-485.58,474.24
472.21,-603.14,447.94
384.34,-680.63,554.92
221.51,-621.06,659.14
341.99,-787.31,893.21
474.44,-573.3,969.08
270.74,-615.51,913.32
7.06,-519.45,902.66
148.05,-566.88,857.66
59.44,-538.14,887.54
 -,-,-
-545.08,-567.56,591.69
-115.46,-627.77,548.39
-888.67,-876.11,1307.96
-1063.2,-1056.43,1367.29
-232.26,-666.5,1251.38
-294.32,-750.33,980.02
46.9,-670.32,770.71
527.75,-683.02,499.43
846.73,-849.14,290.53
903.09,-1042.12,-262.52
1109.2,-1254.43,-639.4
1580.66,-1201.32,-2129.42
1415.94,-1800.87,-2968.14
978.96,-1868.99,-2066.04
-757.14,-465.78,-292.23
-4104.83,2475.97,-4309.21
-675.31,2258.66,-608.41
1270.02,-23.71,-321.36
-308.74,-600.68,496.5
1192.88,-1223.39,185.58
931.65,-544.27,564.67
399.97,-730.3,610.18
167.36,-737.83,650.43
431.83,-605.63,716.77
426.41,-437.95,721.02
322.36,-451.08,661.39
333.05,-392.16,609.76
353.86,-360.18,676.44
314.83,-335.0,609.86
-478.94,-422.85,455.12
844.44,-450.15,551.97
23.9,103.78,672.16
146.74,-365.06,753.88
30.43,-455.31,917.86
138.47,-264.98,1015.11
-67.99,-498.23,1132.88
-210.98,-452.85,1066.8
95.91,-468.36,1135.07
41.14,-531.15,1072.37
-5.25,-466.78,1249.49
 -,-,-
-219.16,-551.65,941.82
-610.95,-565.72,897.46
-281.51,-575.23,828.41
-215.11,-681.23,783.65
-303.38,-727.9,1089.22
-133.81,-822.36,913.73
72.15,-770.99,752.3
270.91,-779.87,513.6
493.81,-963.7,293.45
791.57,-921.02,-32.64
1078.55,-1146.76,-756.36
1288.36,-1406.97,-1877.53
1899.54,-1601.84,-3353.29
1069.46,-1907.43,-1503.32
-946.33,-777.27,-659.67
-4026.36,3703.47,-3564.27
81.92,-689.69,-1320.37
-283.35,720.64,1310.27
1881.76,-1699.33,-370.22
822.54,-572.72,307.18
599.11,-607.32,575.9
423.63,-726.15,384.64
149.01,-632.65,498.16
307.9,-485.26,519.97
425.3,-462.77,533.45
255.55,-370.59,462.99
224.68,-449.01,592.16
187.0,-452.71,577.5
1.45,-649.44,644.96
200.66,-451.46,684.14
-38.01,-787.06,740.43
846.07,-904.99,737.58
454.43,-904.82,859.23
-284.87,-410.1,1005.94
-41.05,-711.12,933.38
9.57,-577.1,1043.72
194.37,-678.75,1018.67
-204.79,-438.0,988.29
-254.84,-587.72,1012.7
-213.36,-583.32,886.68
 -,-,-
-52.11,-96.14,988.05
-138.36,-522.3,664.7
-304.76,-703.35,547.0
-449.31,-796.9,853.45
-407.4,-828.68,756.52
-447.69,-796.12,945.98
-359.55,-749.88,961.43
-284.23,-744.85,828.89
-66.33,-706.41,732.78
325.95,-716.73,509.84
529.0,-882.02,317.71
838.5,-1033.58,-124.63
917.08,-1244.27,-611.74
1916.16,-1478.6,-2245.82
1519.38,-1694.01,-2924.03
842.24,-1503.17,-1672.98
-1201.51,406.19,28.97
-1423.36,4332.53,1266.39
-1201.37,-480.67,-128.22
785.14,-268.42,-284.47
1181.8,-1073.62,241.06
773.95,-338.74,523.27
411.21,-572.44,464.59
361.85,-446.71,690.89
188.81,-292.41,833.38
367.97,-324.46,641.52
392.13,-351.37,593.5
345.14,-382.96,703.79
421.49,-453.72,590.22
236.74,-262.51,732.55
-273.84,-126.7,634.9
961.91,-411.84,676.55
357.23,-192.64,839.86
18.29,-238.52,966.35
228.26,-368.12,1033.2
255.94,-284.72,1097.39
191.58,-186.29,1069.48
516.63,-402.14,1137.25
292.76,-251.91,1046.58
178.45,-273.59,1242.61
-,-,-
-502.59,-561.85,916.74
-241.19,-611.71,979.68
-223.45,-732.5,1110.65
-293.24,-748.44,1122.88
-92.02,-754.01,925.37
-118.9,-644.58,828.87
98.95,-747.12,716.96
309.96,-876.62,652.64
395.13,-995.14,255.49
1088.96,-1266.35,-366.94
1480.32,-1452.61,-1591.98
1752.12,-1809.14,-3129.63
739.22,-1878.09,-2044.29
272.67,-491.04,-447.52
-981.87,1694.24,-2859.62
-4175.02,3074.33,-578.02
1796.54,-835.06,-576.13
-655.77,-358.49,702.77
1237.58,-677.12,435.96
390.08,-590.83,780.56
-33.92,-998.94,806.92
285.84,-649.99,725.52
77.19,-557.64,713.94
79.66,-733.59,659.31
40.18,-693.18,595.69
-9.52,-897.42,430.11
-830.6,-564.47,89.32
724.14,-892.92,311.65
55.66,-219.1,365.19
203.99,-707.71,313.57
450.94,-535.18,441.19
533.8,-618.51,481.95
421.19,-712.34,510.41
216.08,-731.06,674.31
321.54,-750.87,787.7
507.19,-574.34,1009.37
237.1,-663.52,798.51
7.54,-558.02,859.28
139.99,-623.75,845.9
61.06,-604.53,873.29
 -,-,-
-492.82,-584.19,932.06
-254.64,-623.25,915.81
-256.34,-730.37,1023.93
-303.13,-721.73,1019.6
-94.67,-705.45,972.07
-133.88,-744.44,929.66
94.22,-763.24,813.39
318.75,-848.52,630.33
447.61,-955.94,306.21
942.48,-1359.95,-366.63
1483.35,-1563.91,-1478.55
1703.67,-2121.46,-3289.71
786.83,-1810.17,-1997.15
281.0,-424.15,-438.55
-956.94,1615.94,-2877.53
-4202.83,3142.17,-564.06
1796.12,-950.84,-631.64
-664.28,-330.91,727.64
1210.18,-689.6,409.59
336.57,-559.7,821.43
-31.48,-968.11,777.6
302.58,-727.33,813.54
89.92,-531.9,776.0
76.21,-626.55,611.88
39.45,-693.45,548.13
-10.53,-852.23,388.01
-942.93,-658.27,95.84
734.02,-898.31,339.29
47.73,-237.18,376.18
172.1,-627.65,323.09
406.22,-495.21,477.6
495.38,-567.64,422.15
391.23,-734.41,524.42
207.65,-702.51,738.46
332.29,-722.95,893.67
517.95,-606.95,994.07
242.96,-607.44,876.15
6.82,-595.65,845.25
135.75,-628.75,991.87
62.22,-522.1,938.16
 -,-,-
-534.59,-632.7,645.36
-136.22,-596.17,503.85
-874.75,-796.32,1517.57
-992.93,-1141.98,1346.58
-242.57,-737.57,1134.63
-309.62,-654.16,937.06
45.85,-592.49,760.02
473.35,-669.24,521.6
741.82,-809.72,255.27
897.82,-939.72,-231.38
1080.22,-1155.31,-619.31
1491.36,-1319.55,-2258.03
1422.88,-1853.94,-2833.15
871.71,-1803.58,-1783.48
-807.58,-502.85,-300.52
-3445.41,2120.76,-3910.74
-637.08,2219.74,-583.82
1263.45,-23.74,-313.28
-297.51,-516.88,571.35
1084.97,-1179.04,185.69
992.12,-544.77,567.26
420.07,-695.65,514.17
200.77,-645.1,580.42
458.04,-640.69,622.75
461.78,-465.43,793.31
351.96,-437.1,662.9
377.12,-377.35,687.65
376.68,-312.85,718.04
273.81,-304.58,605.99
-411.8,-447.13,458.99
736.37,-421.52,547.21
22.73,104.94,703.98
148.43,-335.99,886.64
26.27,-438.23,897.13
135.19,-307.88,1120.47
-66.26,-523.35,1204.63
-213.61,-479.01,1166.81
101.06,-487.12,1114.51
40.67,-498.99,1174.98
-4.72,-489.1,1105.68
 -,-,-
-206.45,-488.72,1023.65
-515.52,-547.64,856.86
-267.21,-546.36,892.41
-223.36,-599.39,814.22
-304.19,-818.26,1160.4
-137.68,-816.94,935.87
67.39,-784.06,782.85
247.32,-768.33,558.79
431.04,-945.54,308.67
811.06,-1014.0,-29.72
1003.75,-1053.89,-732.41
1185.53,-1443.23,-1746.56
1672.44,-1686.89,-3250.95
997.3,-1770.56,-1595.86
-1009.03,-710.87,-692.22
-3770.69,4376.99,-3440.85
85.06,-647.46,-1532.49
-261.57,737.26,1094.14
1925.74,-1653.69,-338.15
760.79,-607.88,321.42
564.51,-582.42,605.45
395.48,-628.9,360.48
149.8,-599.25,491.91
305.1,-427.59,556.49
384.6,-415.78,581.8
214.27,-384.95,475.29
217.11,-430.1,532.9
176.14,-501.23,623.22
1.52,-615.98,683.67
195.84,-424.11,783.21
-41.19,-695.31,677.22
866.19,-904.68,706.11
417.86,-1028.9,932.6
-289.76,-410.6,998.63
-38.94,-720.89,1026.82
8.57,-627.73,1021.03
179.88,-643.0,1024.42
-204.12,-504.36,956.16
-237.54,-509.13,998.33
-188.77,-600.08,905.82
 -,-,-
-51.55,-85.63,1032.9
-163.89,-595.44,674.42
-287.31,-746.4,549.12
-473.19,-761.8,860.7
-357.73,-804.84,810.52
-459.25,-802.73,936.16
-307.83,-802.53,973.2
-261.17,-805.84,858.77
-62.64,-697.84,682.5
333.59,-736.29,483.27
475.28,-832.16,320.16
827.79,-1004.73,-129.7
912.02,-1135.42,-663.08
1845.27,-1509.09,-2482.38
1464.34,-1868.81,-2592.8
776.12,-1326.22,-1642.57
-1200.28,372.49,28.23
-1558.16,3799.1,1310.88
-1275.44,-408.78,-144.42
689.43,-244.17,-247.08
1319.91,-1135.49,226.22
697.91,-320.17,444.3
391.59,-565.74,426.52
354.07,-478.88,660.93
204.6,-248.25,836.88
385.36,-323.14,621.56
360.4,-360.24,588.12
296.67,-380.7,650.46
400.64,-440.63,615.93
258.54,-251.93,728.95
-265.02,-125.66,746.18
1115.13,-437.12,687.5
394.46,-171.22,884.34
17.5,-228.38,966.48
237.4,-338.76,1004.99
252.09,-278.77,976.45
207.01,-189.33,1151.58
584.59,-446.83,1047.74
259.76,-254.88,1158.95
163.86,-300.72,1120.63
-,-,-
-502.3,-619.08,865.23
-267.13,-597.06,835.45
-264.76,-670.84,1035.06
-309.64,-727.85,1072.23
-85.45,-750.37,892.61
-125.68,-612.7,938.72
91.29,-728.15,739.63
286.77,-844.43,592.92
442.0,-992.1,270.99
1009.98,-1199.75,-320.61
1444.33,-1677.13,-1399.68
1771.03,-1804.36,-3291.58
738.96,-1759.32,-1976.48
272.7,-491.57,-466.77
-960.4,1553.72,-3233.59
-4047.22,2989.86,-564.1
1710.37,-931.64,-593.85
-653.16,-334.17,812.61
1320.19,-637.57,472.06
384.85,-589.28,752.82
-36.65,-870.26,750.4
272.78,-752.21,792.13
87.18,-571.14,773.41
76.31,-691.28,647.42
38.2,-778.61,545.98
-10.9,-899.03,443.24
-795.67,-655.28,92.61
748.17,-867.17,320.34
55.0,-240.93,341.28
193.59,-705.41,298.92
430.72,-466.28,431.02
523.16,-605.2,418.81
359.1,-685.57,540.37
193.89,-628.89,662.09
368.92,-793.22,836.1
542.54,-590.09,968.24
233.69,-616.94,833.64
6.78,-582.44,853.58
138.45,-583.61,845.03
59.52,-566.21,856.95
 -,-,-
-488.77,-644.63,898.95
-274.15,-631.17,940.18
-228.15,-715.92,1112.34
-305.48,-674.05,1151.46
-86.63,-722.76,1039.42
-112.32,-672.28,838.8
103.42,-684.24,720.21
287.69,-855.74,573.28
389.11,-1011.6,296.66
963.95,-1248.61,-309.9
1568.29,-1687.72,-1491.21
1648.16,-1778.38,-3186.92
753.35,-1863.34,-2011.76
251.64,-476.55,-406.12
-921.54,1652.92,-2982.19
-4109.79,3225.5,-590.14
1604.97,-900.17,-540.84
-613.03,-379.44,798.48
1287.22,-672.63,419.44
352.25,-608.98,782.9
-35.76,-904.86,824.43
293.9,-721.9,802.9
87.25,-572.36,688.51
76.67,-670.27,690.63
37.11,-730.9,539.51
-11.31,-891.71,411.48
-870.85,-620.98,82.12
681.69,-761.08,360.89
54.98,-236.87,365.38
199.56,-631.24,318.87
411.77,-524.84,424.93
538.2,-626.64,399.1
403.95,-689.01,582.75
205.81,-710.38,716.24
381.53,-730.78,885.59
481.88,-543.63,980.17
245.19,-575.49,864.63
7.09,-590.92,872.24
149.11,-616.37,891.55
61.41,-543.42,1027.32
 -,-,-
-584.12,-609.87,638.47
-115.75,-624.5,501.44
-850.82,-860.14,1444.02
-1000.15,-1155.46,1192.41
-253.51,-761.8,1230.33
-272.93,-730.26,1003.87
44.11,-613.88,841.83
464.45,-723.51,477.82
715.58,-831.18,279.39
1037.56,-1054.12,-248.48
1063.79,-1116.81,-619.19
1478.74,-1378.65,-2058.64
1471.52,-1737.36,-3283.67
906.6,-1777.17,-1755.93
-872.36,-468.27,-268.06
-3663.29,2158.34,-4257.7
-745.43,2033.34,-675.28
1152.27,-23.96,-347.9
-322.64,-599.72,567.3
1266.72,-1106.29,199.96
836.2,-522.66,560.7
410.35,-668.16,523.26
193.03,-722.79,639.79
436.01,-616.57,653.45
466.4,-479.78,756.44
313.86,-486.2,697.03
358.9,-356.71,646.93
350.18,-335.65,623.67
301.15,-314.76,681.33
-458.9,-418.77,445.56
850.31,-405.83,542.96
21.62,91.71,658.66
160.08,-342.18,830.32
29.2,-460.26,820.7
137.48,-276.59,1142.91
-71.2,-463.56,1232.94
-208.94,-502.5,1277.45
101.04,-402.91,1226.72
39.9,-471.84,1163.3
-4.44,-464.17,1173.74
 -,-,-
-196.66,-489.66,981.54
-546.77,-582.52,834.13
-258.8,-538.72,849.3
-205.85,-614.12,731.51
-292.62,-754.04,1112.38
-142.07,-808.04,878.61
68.28,-828.22,712.28
255.99,-711.03,578.22
477.89,-948.43,294.83
728.26,-940.69,-29.49
1039.51,-1064.63,-846.77
1278.65,-1355.16,-1668.83
1900.47,-1750.8,-3124.93
1055.36,-1786.91,-1572.13
-1087.34,-690.5,-658.95
-3817.19,4076.33,-3464.96
81.12,-610.78,-1372.91
-266.14,710.11,1205.27
2210.94,-1642.01,-376.14
726.49,-649.32,349.71
525.55,-622.92,594.5
436.71,-746.11,401.43
147.94,-563.63,487.42
303.76,-503.58,572.47
367.96,-476.86,634.58
247.34,-408.52,456.92
240.52,-436.68,516.85
184.6,-487.94,533.93
1.51,-613.77,609.0
210.62,-416.61,716.81
-42.23,-706.38,689.75
866.75,-983.54,678.34
448.59,-1053.9,960.28
-253.61,-423.48,907.45
-41.53,-743.29,928.74
9.3,-598.85,968.42
192.18,-746.57,1058.74
-189.82,-494.36,1122.46
-258.24,-584.24,1004.79
-218.31,-599.36,889.98
 -,-,-
-47.55,-88.0,1108.51
-138.36,-562.26,594.68
-343.06,-736.67,499.83
-435.55,-749.38,855.47
-385.04,-695.07,843.44
-464.87,-761.5,893.38
-315.42,-738.47,850.85
-241.69,-740.64,897.44
-64.62,-770.68,722.78
326.1,-819.08,487.61
481.51,-899.27,341.3
923.2,-966.63,-110.08
921.03,-1183.58,-608.79
1805.49,-1599.82,-2666.7
1721.9,-1916.96,-2778.18
849.88,-1576.55,-1784.05
-1105.21,365.01,31.51
-1658.31,4325.65,1178.47
-1202.37,-416.95,-141.0
679.34,-235.31,-281.68
1128.56,-1111.5,244.71
799.92,-309.6,518.96
394.88,-531.66,478.7
345.95,-505.52,689.98
206.86,-295.65,748.99
384.87,-289.11,630.72
365.92,-348.49,655.13
313.58,-332.91,704.1
458.03,-446.48,646.28
268.12,-269.73,677.96
-267.68,-126.09,664.6
1021.94,-385.39,667.64
382.33,-179.82,876.84
16.45,-235.26,910.73
221.87,-330.11,1104.15
281.46,-278.56,1034.65
199.15,-183.48,1127.45
523.35,-386.41,1167.16
251.64,-280.53,1202.87
172.95,-272.71,1186.87
-,-,-
-452.79,-546.15,812.83
-229.72,-585.76,937.17
-258.4,-727.56,1002.05
-265.63,-768.73,980.62
-91.54,-698.27,874.6
-110.07,-625.46,869.34
103.17,-714.34,736.05
310.17,-734.9,551.09
425.33,-938.1,270.32
1023.74,-1305.27,-352.03
1574.41,-1596.48,-1448.15
1747.69,-2132.82,-3137.81
834.48,-1934.17,-1979.16
301.29,-471.59,-403.03
-984.69,1646.84,-2830.34
-3648.3,3229.58,-557.72
1819.12,-967.32,-648.46
-651.83,-342.87,776.96
1370.45,-742.49,394.78
381.75,-654.73,820.97
-31.54,-923.29,715.42
296.17,-654.59,776.3
83.12,-540.78,822.56
81.19,-701.08,676.08
41.62,-788.58,529.92
-10.62,-764.66,388.51
-847.78,-613.59,90.89
661.23,-854.83,361.26
46.76,-266.68,319.03
193.53,-680.91,330.64
425.81,-538.89,465.22
522.27,-623.44,473.27
382.98,-736.88,598.64
223.79,-636.39,654.66
369.65,-711.89,813.45
563.28,-532.0,864.44
269.96,-669.78,875.69
6.91,-611.72,949.29
142.68,-676.67,890.93
59.69,-557.42,1013.45
 -,-,-
-529.7,-569.06,814.48
-278.08,-575.23,919.35
-229.88,-622.45,1125.15
-278.3,-675.28,1089.07
-90.34,-721.11,964.78
-118.21,-675.36,947.33
88.75,-679.13,729.16
319.88,-816.39,561.4
411.54,-1045.77,279.14
937.49,-1254.56,-361.5
1410.46,-1606.12,-1461.9
1774.25,-2083.4,-2981.07
883.37,-1685.96,-1802.52
288.17,-455.95,-419.51
-1077.87,1677.71,-3065.7
-3791.1,3219.37,-570.12
1677.77,-917.95,-537.67
-585.9,-344.96,765.16
1258.34,-670.02,453.29
352.62,-583.23,784.0
-31.88,-930.61,745.28
280.47,-633.81,724.11
85.43,-563.06,778.52
74.46,-656.61,695.23
38.86,-703.5,601.84
-11.13,-791.73,411.76
-899.29,-659.07,90.4
664.86,-867.61,332.74
51.35,-240.1,372.5
185.99,-600.86,301.36
456.36,-481.05,469.91
547.99,-563.21,468.32
393.79,-684.61,585.59
208.38,-724.2,738.08
378.81,-699.76,869.16
540.91,-611.04,990.27
244.53,-598.22,881.1
7.02,-573.42,1014.65
133.53,-600.49,1001.37
62.27,-566.3,1030.09
 -,-,-
-546.24,-557.42,585.65
-116.12,-612.25,590.03
-881.27,-877.45,1410.29
-983.34,-993.27,1125.19
-265.59,-717.77,1076.43
-282.88,-693.19,1110.0
49.86,-612.77,894.91
473.88,-725.27,477.73
735.25,-830.44,282.83
901.1,-980.65,-223.46
1148.42,-1073.6,-701.5
1539.98,-1373.62,-2225.65
1587.76,-1605.48,-3155.34
970.33,-1591.5,-1888.54
-815.56,-461.16,-311.55
-3442.1,2392.87,-4271.92
-673.36,2397.9,-606.06
1294.55,-22.37,-328.25
-331.09,-574.67,496.7
1257.64,-1154.01,197.88
932.19,-496.88,590.18
407.28,-668.33,591.71
187.16,-726.21,609.34
399.37,-602.93,602.08
409.11,-437.62,790.36
331.49,-442.42,663.98
352.7,-417.88,619.24
321.52,-304.8,738.19
320.74,-321.78,629.5
-487.75,-465.38,432.87
754.47,-408.48,579.95
25.86,102.71,618.34
141.4,-344.46,759.04
26.56,-452.89,857.01
147.87,-268.94,1029.42
-65.64,-456.79,1088.33
-180.43,-510.13,1154.7
98.83,-459.42,1320.49
35.13,-470.2,1140.37
-5.18,-413.19,1217.83
 -,-,-
-227.86,-551.55,902.29
-517.57,-576.07,886.1
-279.17,-540.52,742.28
-220.08,-609.96,783.28
-292.72,-754.11,1116.88
-146.88,-939.2,1005.45
66.76,-744.6,725.25
264.41,-768.19,540.91
513.04,-940.36,306.58
776.77,-901.2,-28.17
1083.66,-1215.61,-723.03
1270.38,-1517.7,-1682.35
1722.0,-1573.85,-3123.64
973.21,-1788.02,-1356.28
-1038.65,-743.95,-667.23
-4151.38,4154.34,-3522.45
75.02,-618.51,-1479.58
-292.52,726.54,1203.75
2135.26,-1704.78,-332.75
773.04,-635.95,349.37
517.12,-595.09,609.75
387.9,-676.61,340.56
151.99,-569.38,511.34
289.29,-480.73,561.43
380.83,-490.61,528.27
251.44,-371.66,462.27
212.28,-459.91,567.84
193.24,-528.53,632.75
1.46,-672.84,715.39
223.91,-444.82,714.22
-39.43,-768.14,768.75
755.76,-943.55,662.15
400.38,-931.95,892.93
-271.0,-427.25,941.28
-40.73,-693.49,974.58
8.39,-622.93,949.42
190.08,-627.02,1138.91
-184.47,-501.95,1149.16
-247.34,-577.85,940.39
-192.71,-516.32,897.9
 -,-,-
-47.97,-88.34,1001.85
-147.81,-612.72,615.06
-288.67,-645.92,473.7
-520.79,-754.82,819.55
-376.1,-808.25,741.83
-425.08,-782.83,957.52
-334.12,-758.31,918.32
-264.27,-727.34,787.43
-67.28,-659.08,672.73
307.53,-757.08,524.59
525.5,-863.95,331.61
779.38,-1014.75,-112.46
894.28,-1304.2,-653.35
1752.55,-1434.17,-2627.81
1679.8,-1805.35,-2808.14
818.44,-1544.95,-1732.49
-1160.55,371.16,30.85
-1478.22,3816.6,1168.97
-1111.39,-444.36,-149.02
790.34,-248.62,-266.57
1137.92,-1121.65,238.17
745.63,-321.93,436.9
409.0,-545.91,428.07
385.19,-492.85,718.22
200.35,-270.28,701.62
342.41,-316.55,667.49
398.54,-333.88,618.34
340.97,-351.37,706.73
453.03,-484.07,625.58
251.05,-255.85,781.58
-239.2,-129.03,663.6
1085.08,-436.97,749.57
374.32,-191.73,731.19
16.8,-219.88,1002.66
254.3,-358.93,1145.46
252.58,-266.71,963.3
225.58,-192.32,999.97
553.45,-426.34,1179.5
285.33,-274.42,1230.01
173.09,-273.83,1209.13
-,-,-
-541.21,-595.69,914.32
-240.31,-575.63,898.92
-256.97,-618.87,1035.23
-279.88,-725.81,1048.46
-98.0,-695.03,985.29
-130.2,-714.95,887.97
96.66,-677.6,753.18
329.07,-721.49,583.18
447.86,-950.65,274.74
923.81,-1187.08,-359.25
1515.92,-1504.42,-1456.46
1773.62,-2152.64,-2915.7
773.62,-1999.25,-1839.5
256.8,-438.01,-471.47
-1097.69,1459.9,-3245.47
-4142.67,2901.19,-541.37
1658.46,-951.03,-593.41
-639.37,-372.61,810.46
1280.06,-692.11,451.09
376.67,-580.72,774.14
-36.71,-983.17,797.82
302.75,-711.1,736.16
77.47,-539.89,731.38
67.29,-651.27,717.33
38.48,-731.69,529.16
-10.86,-766.49,391.81
-789.61,-577.21,95.94
737.56,-787.29,355.1
46.43,-222.71,365.3
177.28,-623.55,335.17
399.43,-469.73,465.73
533.48,-654.16,472.92
411.17,-715.36,547.4
224.0,-717.62,725.08
365.25,-744.57,878.67
552.57,-509.4,911.13
229.64,-634.34,838.23
7.94,-546.66,960.77
139.92,-574.75,969.0
53.06,-580.51,1014.1
 -,-,-
-456.25,-559.46,811.22
-266.87,-600.03,878.41
-247.48,-661.83,1045.65
-275.0,-690.47,1121.01
-90.92,-701.86,984.49
-128.14,-741.54,860.3
97.76,-700.39,703.25
284.2,-739.73,575.4
402.91,-1014.37,251.42
964.02,-1190.14,-356.44
1408.11,-1668.05,-1550.88
1746.12,-1776.26,-3443.53
803.57,-1889.4,-1976.93
305.25,-501.73,-473.02
-979.01,1666.22,-2873.49
-3873.67,3490.13,-573.24
1757.33,-903.8,-646.37
-629.98,-334.85,753.64
1180.84,-724.46,438.62
396.39,-595.7,812.96
-34.63,-1007.7,743.95
296.06,-681.7,786.34
90.17,-589.62,815.53
75.6,-643.14,710.66
38.23,-743.0,539.99
-10.15,-797.03,427.49
-933.33,-615.8,98.33
741.29,-853.76,341.79
53.67,-221.59,353.01
189.93,-629.54,301.88
452.98,-477.27,453.98
492.45,-574.13,413.35
426.4,-716.0,609.44
200.49,-616.29,759.76
350.66,-729.79,768.13
572.32,-606.89,934.49
274.09,-632.98,806.93
6.84,-513.49,957.32
136.41,-661.29,933.47
53.08,-569.03,971.75
 -,-,-
-576.58,-604.39,580.06
-131.65,-700.45,505.03
-863.87,-781.85,1483.26
-1071.55,-1050.2,1214.58
-226.04,-757.71,1086.23
-281.52,-697.59,969.22
48.62,-672.94,804.53
447.6,-735.23,497.99
804.41,-823.83,267.9
989.27,-1060.28,-237.06
977.92,-1115.41,-607.02
1625.91,-1325.44,-2330.46
1645.89,-1825.76,-2986.72
888.25,-1688.83,-2039.94
-735.38,-440.62,-303.44
-4005.81,2165.87,-4294.84
-742.65,2342.63,-589.29
1127.52,-22.36,-308.52
-309.07,-549.39,486.42
1121.0,-1101.13,176.61
898.79,-485.13,500.95
399.16,-750.68,525.93
194.89,-669.97,611.46
458.67,-628.1,648.52
413.31,-460.21,686.82
333.84,-453.04,756.19
320.36,-423.5,615.08
369.78,-320.33,705.05
307.78,-292.6,608.78
-435.92,-460.28,419.37
833.1,-428.02,627.85
22.05,92.55,593.18
143.27,-373.97,898.78
26.44,-482.47,809.3
145.18,-285.23,972.87
-67.57,-452.64,1104.69
-207.8,-506.08,1063.24
93.37,-484.45,1198.75
39.65,-538.9,1056.1
-4.74,-409.22,1067.62
 -,-,-
-215.44,-559.22,1027.64
-536.41,-621.35,924.03
-277.13,-508.13,859.58
-207.29,-610.28,795.98
-333.55,-782.58,1021.95
-141.8,-815.73,1022.23
71.2,-783.93,800.49
237.71,-761.43,496.92
517.26,-952.61,327.4
682.27,-1077.89,-34.36
995.54,-1079.19,-794.17
1133.46,-1418.17,-1822.16
1677.63,-1626.8,-3451.29
1071.37,-1879.75,-1342.43
-951.82,-700.25,-724.5
-4362.75,3667.33,-3469.38
84.57,-626.68,-1359.2
-254.4,696.77,1252.69
1876.19,-1423.02,-326.61
782.09,-551.6,352.47
606.92,-577.5,573.15
426.3,-663.94,373.69
163.12,-553.33,427.01
294.07,-495.3,544.89
395.87,-457.92,578.66
228.65,-381.52,462.78
224.59,-396.81,543.08
176.55,-505.34,612.37
1.38,-703.53,637.23
210.0,-420.93,751.73
-42.19,-744.56,762.49
822.28,-969.65,769.04
454.49,-977.32,957.0
-282.59,-387.48,926.39
-43.79,-784.5,938.08
8.33,-643.58,1008.8
170.23,-668.4,950.71
-189.14,-456.64,1096.2
-222.4,-577.13,977.54
-214.62,-572.17,880.62
 -,-,-
-55.46,-99.0,948.67
-140.79,-579.91,663.63
-289.03,-738.91,473.71
-451.81,-720.23,810.31
-414.59,-753.44,811.84
-471.31,-888.51,884.17
-346.67,-830.37,820.84
-276.93,-846.88,778.29
-61.71,-708.17,701.58
289.84,-757.18,572.62
537.62,-916.76,324.98
928.72,-1051.44,-110.62
1041.96,-1309.9,-596.53
1697.22,-1404.03,-2658.89
1472.13,-1824.69,-2785.27
871.7,-1340.21,-1542.81
-1134.72,373.29,28.04
-1557.78,3650.33,1241.8
-1267.64,-454.1,-139.21
754.93,-253.03,-291.11
1208.2,-1055.49,236.23
841.11,-285.47,483.8
395.25,-580.42,420.24
384.92,-441.75,611.65
205.57,-281.28,740.22
331.81,-292.79,614.58
358.4,-306.06,584.48
321.17,-372.39,667.77
460.56,-440.59,641.51
253.41,-276.25,667.86
-257.06,-117.93,636.42
937.84,-399.24,710.57
398.83,-174.07,801.23
16.38,-220.37,905.71
260.08,-351.39,1133.95
252.84,-288.59,1001.13
208.41,-190.05,1176.68
535.66,-435.88,1090.64
272.58,-283.52,1240.06
178.75,-295.55,1073.04
-,-,-
-538.9,-551.3,847.12
-229.91,-572.53,1006.92
-265.11,-668.51,993.89
-316.09,-677.73,1139.64
-88.42,-718.31,888.91
-127.98,-666.05,982.94
106.71,-681.09,837.16
302.81,-838.07,621.89
454.37,-984.5,270.65
997.54,-1171.1,-362.74
1638.4,-1564.7,-1360.0
1870.69,-2117.03,-2862.86
833.76,-1998.38,-1872.57
284.84,-502.84,-486.21
-1034.59,1651.21,-2838.3
-3998.53,3359.51,-569.36
1522.65,-824.97,-583.75
-698.18,-346.23,851.12
1337.04,-715.78,453.9
376.91,-574.3,819.68
-36.92,-858.45,838.86
269.18,-728.26,809.11
82.58,-545.4,809.15
78.69,-672.08,608.43
37.07,-761.07,617.01
-10.2,-903.58,388.31
-941.38,-593.78,83.82
726.79,-854.58,316.78
49.57,-263.94,367.32
192.28,-700.14,311.98
426.11,-465.67,435.47
524.73,-577.27,454.64
413.58,-801.87,544.05
202.95,-715.85,739.87
379.58,-719.23,832.22
487.88,-510.09,923.75
252.52,-593.07,801.12
7.72,-579.85,938.58
145.62,-579.66,979.42
53.51,-573.55,1004.35
 -,-,-
-518.37,-607.73,829.89
-269.03,-588.94,956.16
-260.11,-711.46,967.39
-302.48,-648.34,1101.04
-81.85,-705.79,897.54
-122.2,-746.29,937.33
98.37,-634.94,746.73
331.09,-739.23,565.67
442.38,-1005.13,255.71
1097.18,-1239.69,-352.91
1533.85,-1443.3,-1595.67
1622.46,-1874.44,-3156.83
880.96,-1703.35,-1993.74
264.25,-452.83,-422.8
-1048.24,1637.58,-2790.08
-4027.67,2905.23,-565.13
1682.35,-919.21,-605.93
-633.85,-344.27,740.42
1257.9,-634.61,449.68
387.05,-600.65,887.65
-36.83,-970.97,777.17
279.65,-662.87,797.78
85.02,-601.13,746.87
80.58,-741.54,619.18
37.05,-780.48,595.35
-11.23,-809.85,442.64
-902.29,-655.85,94.2
707.94,-895.4,367.46
46.07,-230.72,346.82
175.1,-720.64,348.93
470.95,-475.55,471.81
514.45,-615.38,471.59
375.52,-712.18,588.52
215.97,-603.3,732.97
325.93,-753.39,868.51
487.34,-510.66,959.55
255.52,-604.83,757.57
6.97,-573.98,961.99
146.61,-650.5,842.11
62.24,-570.86,894.26
 -,-,-
-509.09,-587.14,602.08
-121.07,-592.19,532.34
-813.18,-819.09,1301.13
-1043.83,-993.88,1159.2
-265.97,-782.89,1107.97
-302.72,-642.43,945.45
44.03,-681.6,854.52
515.31,-657.32,528.73
839.85,-924.51,286.08
993.89,-1008.78,-241.4
983.42,-1192.5,-723.18
1624.15,-1317.32,-2252.71
1451.45,-1848.78,-3129.6
882.04,-1768.44,-2049.04
-835.35,-461.59,-278.66
-4101.4,2111.99,-3962.93
-701.54,2212.48,-651.17
1150.83,-23.89,-352.65
-292.89,-587.3,562.06
1283.44,-1174.66,188.54
896.42,-577.88,558.24
417.32,-743.22,594.02
200.34,-639.14,573.67
422.79,-723.51,606.73
401.54,-508.81,806.1
314.52,-471.78,682.48
342.44,-386.72,592.12
342.45,-340.01,632.41
277.31,-295.65,649.01
-446.91,-460.15,455.03
768.06,-389.05,619.9
23.86,102.22,693.79
134.41,-359.99,779.96
27.9,-462.53,911.32
155.86,-284.76,1053.84
-74.64,-528.03,1081.19
-203.58,-467.62,1118.95
105.08,-482.93,1237.5
37.82,-537.9,1121.52
-5.19,-427.59,1198.08
 -,-,-
-202.99,-487.09,1040.31
-517.23,-628.94,859.18
-258.2,-556.44,802.03
-226.33,-656.81,756.61
-328.41,-881.74,1036.09
-125.02,-828.92,1032.62
66.68,-827.55,827.85
263.35,-850.27,578.89
449.64,-1010.75,316.01
687.78,-939.99,-28.63
1104.78,-1237.44,-834.07
1347.45,-1508.3,-1709.24
1757.5,-1559.4,-3367.64
919.13,-1667.34,-1418.74
-985.73,-801.26,-751.89
-4203.01,3603.78,-3684.49
81.22,-682.32,-1461.82
-281.77,643.87,1088.01
2199.11,-1727.61,-373.49
688.69,-639.95,297.96
577.86,-543.89,607.16
431.36,-661.61,339.46
156.7,-629.38,494.46
295.0,-469.48,543.8
355.62,-444.0,594.61
227.82,-408.65,496.56
218.82,-408.85,591.14
177.45,-508.08,563.08
1.32,-690.55,684.55
233.05,-455.68,716.98
-42.6,-728.48,699.54
746.07,-862.08,756.37
399.96,-981.65,892.2
-256.0,-434.0,989.3
-44.07,-796.3,1014.24
9.74,-557.63,1024.01
164.83,-629.67,1120.3
-191.97,-454.77,1128.47
-237.04,-614.99,1068.77
-212.19,-583.13,1059.06
 -,-,-
-45.72,-90.24,944.28
-137.52,-590.81,593.15
-336.65,-628.0,522.78
-440.74,-786.58,823.69
-409.71,-739.86,858.0
-417.39,-873.6,870.46
-320.1,-835.79,961.04
-267.35,-822.18,767.71
-61.97,-688.39,633.76
293.68,-726.1,487.14
480.9,-840.37,328.56
834.96,-1067.12,-117.32
1057.87,-1140.76,-583.75
1631.61,-1401.29,-2507.43
1432.25,-1952.72,-2819.24
861.95,-1414.49,-1628.27
-1105.98,426.9,29.01
-1709.12,4304.43,1181.01
-1186.47,-397.63,-130.05
781.07,-265.06,-247.7
1338.68,-1155.97,221.89
828.26,-326.94,489.65
383.79,-515.62,485.2
365.09,-440.5,620.34
210.74,-246.23,693.93
356.91,-348.09,629.43
354.54,-338.51,645.69
310.58,-373.13,642.49
449.62,-442.12,651.66
268.09,-250.94,779.63
-254.79,-114.0,638.6
993.85,-382.26,649.92
413.83,-187.22,874.06
15.31,-204.09,927.83
256.97,-392.58,1114.19
272.89,-267.98,1115.39
203.88,-187.08,1080.03
555.23,-442.52,1154.52
243.09,-254.02,1081.03
154.41,-287.66,1030.19
