 -,-,-
-48.1,-694.34,1291.99
-68.6,-634.28,1211.91
-51.39,-643.55,1105.22
20.14,-588.5,931.52
70.8,-506.23,757.45
223.88,-414.79,548.46
284.67,-480.47,236.94
326.9,-394.53,6.1
536.99,-386.23,-327.39
470.21,-271.73,-275.51
593.75,-312.13,-474.49
802.12,-357.3,-840.58
803.71,-249.63,-1130.0
866.09,-402.47,-1077.15
1034.67,-584.47,-1305.05
1017.21,-674.68,-1482.3
1273.19,-776.25,-1639.4
1159.55,-958.25,-1788.09
1319.21,-1267.09,-1725.59
-669.56,-140.87,1441.28
3491.82,2317.5,-3016.11
-1708.62,2083.13,2292.6
-97.17,-75.32,-54.32
1669.43,-812.62,71.29
-119.75,-664.43,21.61
657.35,-832.89,143.92
617.43,-1059.45,226.68
870.24,-984.62,222.41
576.29,-726.44,439.21
864.62,-1292.72,160.77
570.68,-759.28,476.32
478.27,-638.06,476.07
334.11,-792.85,320.8
465.21,-809.57,288.94
613.89,-716.8,343.38
545.65,-780.76,296.02
558.11,-728.88,351.81
491.46,-765.14,335.57
601.2,-737.43,286.74
520.75,-756.35,308.35
537.48,-738.89,316.89
571.53,-708.98,359.25
543.46,-754.39,328.61
603.03,-718.14,387.21
565.31,-700.32,352.42
566.53,-694.7,360.35
533.2,-728.39,346.44
586.67,-751.34,361.69
555.91,-751.59,355.96
538.21,-719.12,379.52
524.17,-741.82,393.55
578.25,-697.39,426.51
520.87,-722.05,402.59
511.35,-716.43,407.59
515.75,-707.15,425.05
554.08,-733.15,406.49
537.11,-725.83,410.4
538.57,-701.54,427.98
567.26,-692.5,397.22
505.98,-719.73,390.75
513.79,-702.64,385.25
524.54,-707.52,413.21
536.01,-723.14,402.59
486.33,-739.62,398.44
654.42,-692.02,399.78
635.86,-689.94,394.78
567.14,-698.36,380.0
614.5,-676.27,389.89
514.04,-714.6,407.59
518.92,-719.73,409.55

 -,-,-
-52.61,-694.48,1291.93
-70.14,-631.4,1213.16
-50.93,-644.32,1104.36
17.61,-591.43,934.24
69.06,-504.77,753.04
219.28,-415.02,553.37
288.34,-478.17,238.76
327.38,-393.47,3.33
538.2,-388.32,-324.24
471.51,-274.76,-273.22
591.67,-315.56,-472.06
799.61,-357.36,-840.23
804.53,-254.63,-1126.61
864.69,-402.88,-1073.21
1037.62,-584.37,-1301.4
1017.25,-673.24,-1481.36
1276.42,-778.94,-1638.82
1158.03,-956.17,-1790.18
1318.83,-1263.0,-1729.85
-669.21,-140.95,1444.04
3492.53,2319.53,-3020.98
-1710.02,2084.88,2291.15
-93.05,-74.06,-51.13
1667.87,-809.86,70.7
-120.97,-660.9,23.25
655.56,-828.22,142.94
616.21,-1056.54,226.74
873.1,-986.23,225.03
577.84,-730.75,443.23
868.52,-1290.01,159.42
569.84,-759.09,476.45
481.75,-636.88,478.43
338.79,-796.01,315.98
462.23,-810.4,290.29
609.73,-717.9,343.74
550.54,-777.43,297.18
557.72,-732.74,351.08
487.81,-762.57,333.69
605.96,-736.97,286.81
516.33,-757.62,309.96
532.59,-741.9,316.34
573.21,-713.79,354.36
545.16,-750.69,326.94
599.24,-722.89,384.93
564.23,-702.28,354.57
568.72,-699.42,359.94
529.58,-728.49,346.87
589.08,-752.22,360.82
554.02,-747.85,355.79
539.08,-723.65,377.65
523.09,-741.45,389.93
574.0,-699.2,426.02
521.7,-721.26,405.61
508.49,-713.24,411.72
518.36,-702.29,420.62
558.7,-733.02,408.0
533.66,-724.78,412.11
539.93,-702.12,427.84
563.21,-692.42,396.13
501.52,-715.54,391.28
513.0,-701.48,382.65
519.84,-702.58,412.89
531.21,-719.88,399.37
484.03,-737.46,396.23
657.88,-692.78,395.21
634.86,-694.24,390.15
565.55,-702.09,376.12
612.74,-678.5,394.5
511.13,-715.24,410.76
517.45,-717.53,408.61

 -,-,-
-49.07,-692.59,1289.38
-69.95,-630.95,1214.86
-48.36,-647.81,1108.48
24.82,-583.66,935.63
74.22,-506.95,760.22
222.75,-412.4,546.25
279.72,-482.3,240.75
322.87,-395.08,3.0
534.89,-390.22,-324.47
472.63,-274.4,-277.48
592.14,-309.33,-475.59
797.29,-355.58,-842.86
799.46,-251.84,-1129.18
862.11,-406.75,-1080.13
1033.7,-582.93,-1309.88
1020.38,-676.03,-1482.0
1276.79,-778.01,-1637.13
1156.73,-959.2,-1784.29
1314.83,-1267.14,-1727.97
-664.76,-145.35,1441.94
3488.22,2313.43,-3018.34
-1707.28,2085.05,2296.59
-97.33,-77.32,-51.9
1670.45,-816.45,73.76
-120.56,-669.4,18.55
660.81,-829.31,146.25
614.42,-1058.73,222.43
873.62,-979.83,226.34
579.37,-729.35,435.75
860.22,-1293.33,164.25
565.83,-764.1,473.57
479.55,-642.69,479.9
335.7,-792.9,319.56
470.2,-806.12,289.33
611.51,-715.33,345.71
545.08,-782.44,293.82
554.95,-729.22,356.28
488.9,-764.7,340.12
602.76,-733.61,287.76
522.47,-760.89,310.74
539.9,-742.86,317.04
567.41,-711.8,359.37
547.6,-753.84,325.49
603.62,-716.9,386.48
564.53,-704.03,347.46
566.56,-692.74,364.97
533.99,-732.65,349.45
588.34,-751.13,361.66
556.45,-756.5,357.89
539.81,-720.76,379.78
523.88,-741.81,395.73
577.03,-701.14,428.82
521.11,-718.63,399.43
509.13,-720.53,410.23
518.24,-709.56,425.52
552.03,-733.73,410.81
536.66,-722.69,409.75
534.48,-704.42,428.15
566.87,-692.23,392.89
508.67,-719.7,394.12
512.39,-700.28,385.65
527.09,-702.9,415.76
537.58,-727.95,401.86
489.85,-738.86,398.56
651.64,-696.55,400.8
636.73,-687.36,397.22
569.55,-697.84,382.63
611.38,-673.58,391.31
516.24,-711.01,410.29
516.38,-720.42,410.33

 -,-,-
-51.79,-697.68,1291.64
-68.31,-631.88,1210.88
-52.77,-640.11,1100.46
24.46,-591.44,928.2
67.7,-502.02,758.52
223.54,-417.96,548.75
283.42,-477.54,234.94
327.12,-397.56,5.96
538.12,-388.62,-330.13
474.9,-276.43,-279.06
591.6,-312.87,-477.35
801.49,-354.69,-841.22
802.49,-251.22,-1133.97
863.62,-398.29,-1073.98
1036.02,-582.08,-1306.84
1012.3,-670.04,-1484.1
1271.58,-776.45,-1636.43
1156.38,-955.52,-1791.15
1316.18,-1271.9,-1726.7
-667.76,-144.15,1444.75
3494.27,2312.95,-3020.11
-1708.98,2080.96,2288.4
-102.12,-79.45,-55.39
1669.01,-808.12,69.76
-124.09,-665.34,24.68
654.22,-830.03,145.2
616.88,-1055.0,226.14
868.41,-982.24,226.75
578.89,-724.52,439.52
863.97,-1295.51,160.2
569.5,-761.53,474.29
479.02,-637.92,478.26
335.25,-789.77,324.78
464.87,-805.1,285.17
610.47,-719.37,344.11
550.38,-778.96,296.44
555.61,-724.1,356.38
495.99,-764.38,332.01
603.91,-735.79,289.55
518.47,-757.49,308.07
535.77,-736.73,313.67
575.62,-713.92,358.38
547.86,-757.92,331.56
598.63,-722.52,383.93
565.14,-696.32,355.2
571.24,-698.84,362.93
535.77,-728.28,346.98
585.42,-752.14,359.45
554.42,-753.41,360.75
537.66,-719.93,375.1
522.6,-738.12,389.99
581.94,-699.4,430.14
518.4,-726.24,402.73
507.37,-712.4,412.13
511.78,-703.53,423.9
557.73,-729.85,403.45
533.7,-727.52,411.41
533.64,-699.26,424.47
566.92,-692.28,397.63
507.16,-722.64,393.57
509.17,-704.24,382.85
523.11,-708.55,413.58
537.73,-724.5,404.37
481.86,-741.34,394.53
651.83,-691.86,394.91
637.58,-690.18,393.86
564.91,-694.95,378.16
617.81,-671.61,392.46
511.09,-712.77,406.75
516.09,-715.67,406.22

 -,-,-
-48.21,-690.49,1292.76
-65.93,-632.27,1207.18
-51.83,-644.0,1107.36
21.57,-592.39,935.48
66.03,-507.93,762.26
222.0,-419.01,547.28
289.24,-483.21,240.27
331.24,-391.59,1.86
540.52,-388.97,-330.93
470.05,-275.69,-275.25
592.32,-307.78,-474.11
806.3,-361.77,-843.62
801.42,-252.73,-1130.4
865.85,-403.26,-1078.91
1031.56,-588.34,-1304.88
1013.01,-673.93,-1485.4
1268.47,-776.47,-1637.79
1158.26,-955.81,-1788.6
1323.37,-1272.07,-1726.55
-667.32,-136.44,1441.84
3495.51,2314.09,-3018.71
-1705.19,2079.88,2287.93
-99.1,-72.64,-54.34
1669.78,-816.02,73.89
-118.22,-662.4,16.83
653.67,-833.4,141.21
621.05,-1062.9,226.77
871.04,-983.73,220.97
579.01,-731.05,442.84
866.77,-1294.07,162.8
573.71,-763.31,473.1
479.46,-637.6,477.29
337.5,-790.85,316.84
461.75,-811.34,286.69
617.17,-715.9,344.51
546.39,-784.4,295.52
561.48,-727.26,353.07
496.41,-764.63,338.61
602.09,-742.38,283.47
520.19,-759.25,308.17
541.61,-738.32,319.09
572.01,-709.91,359.51
548.32,-755.15,323.84
602.69,-720.07,385.23
563.88,-704.56,351.93
565.21,-692.33,355.58
534.43,-732.96,350.85
590.51,-751.56,364.47
553.4,-747.06,360.21
536.05,-716.76,377.97
519.32,-744.96,395.01
580.02,-696.3,428.16
520.57,-725.76,407.42
512.92,-716.48,410.51
515.11,-703.35,422.48
557.15,-735.43,408.38
532.17,-723.15,414.66
538.23,-697.41,431.88
566.78,-696.63,396.17
506.46,-715.13,392.64
517.67,-703.7,383.93
521.16,-706.57,415.65
535.24,-721.02,402.41
488.0,-740.23,395.85
656.56,-694.43,395.46
632.57,-688.08,390.74
564.85,-699.84,380.74
615.12,-680.22,393.21
511.03,-709.89,410.28
519.04,-723.11,413.11

 -,-,-
-47.31,-697.95,1295.82
-72.18,-632.4,1211.65
-55.34,-648.02,1109.29
18.92,-588.08,932.76
69.22,-506.64,757.12
226.55,-416.89,549.52
281.41,-479.04,236.58
323.85,-390.21,9.54
538.04,-389.98,-332.23
472.55,-272.66,-276.78
592.86,-307.77,-478.58
806.02,-358.54,-840.17
801.5,-251.99,-1134.44
870.54,-404.68,-1075.51
1038.07,-581.33,-1309.54
1020.63,-670.98,-1486.4
1277.53,-771.88,-1644.35
1160.6,-959.18,-1791.61
1314.89,-1271.98,-1724.41
-671.2,-137.6,1443.17
3496.34,2313.69,-3016.98
-1712.44,2085.6,2292.89
-96.04,-78.8,-51.67
1668.18,-812.65,75.27
-124.6,-669.06,22.79
655.93,-837.47,145.35
617.74,-1064.35,227.34
869.06,-980.14,224.61
571.54,-730.41,436.13
863.17,-1293.04,156.72
575.02,-761.3,474.83
479.77,-641.63,473.59
330.17,-790.55,318.86
467.58,-807.9,287.15
610.73,-716.48,341.56
549.91,-784.22,293.45
562.76,-725.51,350.26
490.67,-768.28,339.92
605.92,-733.52,283.85
518.9,-759.08,311.36
537.43,-736.37,317.88
569.48,-706.39,357.17
543.58,-754.8,327.51
603.59,-714.29,389.08
561.81,-704.56,354.04
561.55,-697.43,359.67
535.59,-732.59,343.06
587.04,-747.72,358.58
559.23,-756.49,357.78
536.55,-723.2,382.62
524.36,-739.38,397.48
582.41,-697.08,428.4
522.01,-718.1,404.03
512.12,-717.21,409.33
518.06,-710.24,424.64
550.52,-733.04,406.76
538.82,-722.83,408.13
539.74,-700.9,432.96
562.37,-694.02,394.63
501.63,-716.94,387.56
515.01,-702.0,386.0
528.61,-709.23,416.88
537.88,-718.33,399.05
484.18,-736.78,400.77
650.36,-696.16,398.0
634.86,-685.84,396.4
569.03,-695.7,375.54
612.36,-675.16,386.8
511.47,-709.63,404.07
518.78,-715.24,407.39

 -,-,-
-38.94,-698.73,1297.49
-5.98,-756.71,1175.42
83.62,-740.97,1052.73
137.94,-539.92,1000.49
197.02,-536.99,762.08
150.27,-476.2,765.62
216.55,-563.6,574.95
412.84,-446.29,447.51
576.29,-553.1,169.19
483.4,-622.56,-250.49
635.99,-518.8,-297.97
647.83,-420.41,-508.3
781.37,-422.97,-791.02
888.43,-425.9,-967.16
922.12,-405.76,-1063.11
1015.99,-674.93,-1392.94
1005.74,-723.88,-1423.58
1311.77,-833.01,-1847.41
1066.53,-880.74,-1444.21
1397.95,-1059.33,-1547.61
-395.63,-7.81,1056.15
3999.51,1462.89,-2183.11
-1247.68,1574.22,1828.61
-514.89,-40.53,91.19
1712.65,-1127.08,156.62
-374.02,-780.64,228.27
370.61,-718.75,299.19
321.66,-1102.54,232.67
685.91,-1049.44,234.62
346.44,-1001.1,264.16
703.98,-964.84,276.49
411.74,-1105.96,319.58
568.73,-842.9,400.02
388.06,-742.8,400.76
378.17,-728.15,431.88
351.2,-804.81,426.64
497.56,-844.24,513.79
499.27,-806.15,483.52
466.06,-778.93,453.0
375.49,-769.78,389.65
422.12,-788.33,355.1
491.82,-788.7,389.04
458.98,-813.84,349.49
488.53,-775.88,397.09
409.18,-789.31,392.21
461.18,-783.2,417.97
436.28,-747.8,416.75
438.6,-785.03,389.4
453.25,-785.28,380.62
472.29,-763.43,405.88
411.13,-776.86,414.43
487.18,-745.24,424.8
395.39,-768.19,413.57
439.7,-772.34,407.71
436.4,-796.63,391.85
466.06,-784.18,396.48
445.43,-771.48,406.49
452.39,-775.63,406.49
474.61,-762.33,415.28
465.33,-757.57,419.8
469.6,-754.52,413.21
448.49,-755.25,419.31
463.38,-766.36,429.93
448.85,-757.93,409.67
451.66,-759.28,423.1
457.76,-767.94,425.42
445.8,-767.58,434.57
477.29,-748.29,431.64
464.23,-749.88,411.01
469.85,-743.9,406.01

 -,-,-
-39.14,-702.49,1294.6
-10.77,-760.46,1177.04
87.68,-744.95,1048.11
141.21,-535.52,1002.01
196.04,-539.34,763.23
154.23,-472.47,765.52
217.57,-560.05,578.16
412.9,-448.86,442.72
573.58,-553.05,169.45
485.12,-623.33,-247.93
635.55,-518.7,-294.59
648.8,-419.41,-507.16
778.49,-427.36,-791.56
887.79,-426.71,-969.67
925.84,-405.52,-1066.13
1019.24,-670.58,-1394.43
1009.99,-727.35,-1422.8
1307.7,-836.74,-1846.59
1063.23,-880.38,-1446.67
1402.18,-1055.47,-1544.39
-392.91,-6.63,1054.8
4002.68,1460.19,-2185.74
-1248.55,1570.65,1832.79
-514.55,-37.42,92.68
1716.49,-1123.39,158.06
-371.75,-783.71,228.96
374.41,-721.62,295.55
320.99,-1101.61,234.59
683.54,-1051.76,233.45
345.23,-1000.25,261.85
707.52,-963.43,279.92
413.99,-1109.77,321.35
572.36,-847.24,402.58
390.13,-745.42,397.56
381.0,-724.52,431.65
350.99,-801.13,428.04
499.99,-844.23,513.6
501.53,-808.35,478.94
468.59,-783.77,450.42
380.2,-773.23,387.68
427.1,-792.31,354.9
493.15,-785.0,392.92
459.04,-812.98,352.15
486.78,-776.97,393.79
411.09,-788.46,389.85
457.19,-779.6,422.2
437.26,-746.46,413.69
442.65,-780.7,393.41
452.23,-790.13,379.97
469.97,-764.52,410.18
409.02,-779.97,414.02
490.2,-746.95,428.89
393.16,-772.7,413.9
442.97,-773.96,412.71
437.72,-795.26,390.86
465.92,-786.56,395.08
447.42,-772.56,405.23
455.55,-775.99,404.17
472.0,-762.29,411.11
466.99,-761.69,418.44
472.81,-750.41,416.75
448.44,-755.59,416.64
468.33,-762.85,434.33
446.72,-759.06,414.42
452.44,-760.88,419.84
453.83,-771.46,422.23
446.48,-771.56,429.82
473.73,-751.65,435.12
464.16,-745.37,411.61
472.92,-741.29,407.45

 -,-,-
-40.46,-696.85,1295.73
-9.84,-759.18,1176.0
80.82,-742.53,1048.74
134.61,-538.31,1003.32
192.45,-538.53,760.81
149.45,-471.75,768.22
215.11,-560.79,579.53
409.59,-450.53,442.66
579.1,-554.87,170.71
488.07,-626.57,-253.63
640.62,-520.02,-295.37
648.55,-424.39,-508.45
780.12,-425.99,-787.08
885.72,-424.77,-971.38
921.29,-401.72,-1065.86
1016.85,-675.92,-1395.38
1003.02,-726.86,-1426.99
1314.81,-835.95,-1846.05
1062.89,-885.06,-1439.42
1399.5,-1055.96,-1545.05
-398.51,-10.9,1051.78
4002.09,1467.72,-2181.56
-1249.85,1575.8,1825.08
-510.09,-41.92,88.95
1715.31,-1130.27,161.53
-378.47,-779.85,232.69
366.97,-719.48,298.87
318.42,-1106.64,234.94
687.15,-1048.38,231.35
343.79,-998.7,263.46
706.29,-965.05,272.34
411.98,-1101.06,316.7
571.02,-847.61,395.62
384.03,-741.88,402.16
375.21,-731.61,429.42
348.08,-807.54,427.86
496.01,-847.87,510.14
502.1,-803.43,481.97
467.99,-781.66,457.56
375.62,-767.68,392.08
424.25,-792.12,355.46
488.98,-788.04,389.27
459.78,-810.18,350.25
491.13,-779.17,394.3
404.8,-789.73,391.08
457.89,-782.14,421.23
433.08,-742.89,412.16
437.9,-781.88,387.17
452.37,-782.28,380.57
472.14,-759.15,402.36
410.82,-781.64,415.9
488.11,-747.42,420.68
399.66,-765.56,417.67
436.52,-776.52,404.71
439.46,-800.88,396.5
463.65,-786.65,395.65
449.62,-770.32,407.13
453.46,-776.68,407.28
471.79,-761.5,410.69
464.95,-762.51,417.05
464.97,-756.75,415.66
449.49,-756.32,416.91
467.74,-766.49,432.94
446.95,-758.74,408.62
450.63,-759.73,421.66
457.8,-763.14,429.47
448.08,-766.27,433.16
479.09,-745.22,433.07
461.41,-748.57,406.76
471.49,-744.99,409.92

 -,-,-
-37.24,-698.44,1300.44
-8.46,-757.17,1176.92
86.84,-744.23,1051.78
138.87,-544.05,997.69
195.23,-538.23,759.74
148.36,-479.41,761.46
221.25,-563.23,570.85
414.18,-446.92,451.08
579.66,-552.95,165.86
479.12,-626.4,-247.54
633.47,-521.12,-295.68
643.37,-423.57,-503.9
785.76,-418.65,-795.01
891.98,-421.87,-967.87
922.21,-401.31,-1066.72
1011.61,-674.49,-1396.21
1006.33,-719.42,-1421.19
1315.33,-836.01,-1851.6
1062.35,-880.05,-1439.74
1401.36,-1057.54,-1543.86
-397.32,-5.17,1052.2
3999.96,1462.19,-2186.69
-1247.5,1569.49,1832.02
-518.93,-35.97,91.28
1709.27,-1131.45,155.18
-375.13,-779.21,228.58
374.84,-716.64,303.19
318.28,-1100.75,231.25
683.38,-1046.19,234.1
341.93,-1001.19,262.25
700.42,-966.19,273.52
407.72,-1102.84,321.96
570.29,-847.38,399.92
387.43,-745.17,402.19
376.73,-723.26,435.02
346.41,-806.78,429.88
494.85,-844.3,512.46
495.83,-808.77,487.91
464.99,-775.21,456.41
374.1,-773.69,392.16
421.63,-787.39,352.63
494.14,-792.06,391.4
458.5,-816.48,347.88
487.41,-779.54,398.17
414.02,-787.41,394.73
461.67,-778.68,417.22
438.71,-744.23,419.22
438.49,-787.71,392.56
450.79,-784.27,377.52
468.2,-758.87,400.92
409.52,-778.58,409.74
484.2,-743.11,426.64
394.44,-771.03,413.15
444.35,-768.58,407.81
434.93,-799.67,395.79
461.26,-785.04,398.61
444.86,-767.03,402.61
452.76,-776.32,401.63
471.67,-764.46,412.78
464.02,-758.62,420.63
467.43,-756.41,409.91
446.37,-752.71,420.84
458.93,-766.1,432.56
451.14,-755.65,411.64
448.58,-755.68,418.58
461.46,-764.09,430.26
446.15,-766.18,432.02
475.38,-749.58,434.15
469.11,-752.86,414.47
473.23,-744.88,404.71

 -,-,-
-41.45,-700.19,1302.07
-5.76,-761.24,1170.77
88.3,-736.51,1057.54
141.12,-542.81,997.85
197.63,-533.95,758.09
150.15,-479.44,763.77
218.51,-566.32,571.6
412.3,-444.85,451.28
576.2,-557.07,169.25
488.26,-622.51,-251.56
631.9,-517.02,-295.22
650.11,-420.1,-503.94
784.45,-425.04,-794.72
888.19,-426.35,-966.96
921.51,-408.97,-1067.57
1012.19,-678.48,-1395.76
1004.42,-726.79,-1422.85
1311.15,-834.9,-1852.01
1066.12,-884.32,-1441.64
1396.41,-1061.06,-1551.21
-392.1,-8.1,1056.83
3995.53,1465.76,-2184.14
-1249.49,1575.18,1828.11
-511.1,-41.69,87.53
1710.92,-1132.03,158.69
-376.38,-780.46,223.71
370.73,-713.94,299.91
319.89,-1105.14,236.09
681.95,-1044.94,233.99
344.45,-1002.09,261.88
706.97,-965.31,280.66
416.69,-1106.31,316.39
567.45,-839.36,395.75
386.17,-741.84,403.76
379.17,-727.96,432.64
347.84,-800.75,424.13
499.41,-840.57,518.03
501.85,-806.31,487.81
461.23,-778.46,455.84
375.68,-772.81,384.88
425.26,-790.46,358.75
487.07,-790.31,384.35
458.33,-809.18,349.75
485.47,-772.38,396.97
410.27,-791.2,390.55
457.37,-779.65,418.86
433.04,-752.34,417.07
435.08,-784.11,393.46
457.1,-788.92,381.83
470.15,-758.64,409.61
415.36,-778.03,412.61
484.53,-745.65,427.74
394.14,-770.31,415.99
436.61,-771.18,403.84
438.36,-800.87,394.3
470.54,-781.32,400.18
442.98,-767.05,406.23
452.7,-772.97,407.55
474.04,-763.81,410.98
462.53,-761.86,422.92
470.93,-751.26,410.06
446.05,-750.49,417.23
467.43,-763.75,429.22
445.18,-757.08,414.31
455.49,-760.86,427.16
453.53,-769.06,426.26
444.33,-771.31,436.64
479.74,-747.48,434.32
467.64,-750.1,408.37
465.1,-742.62,409.58

 -,-,-
-35.76,-702.48,1300.31
-3.61,-753.79,1174.63
86.14,-740.13,1052.55
134.14,-539.44,996.8
201.3,-538.41,765.36
151.89,-476.9,764.01
214.88,-567.55,577.82
411.71,-446.48,449.93
572.49,-555.32,169.59
486.3,-619.38,-245.8
631.35,-523.36,-296.32
644.28,-424.31,-509.46
780.3,-424.18,-792.1
891.36,-426.49,-968.33
926.71,-408.01,-1060.51
1019.94,-675.89,-1393.99
1006.07,-728.85,-1420.29
1308.47,-829.53,-1843.02
1063.45,-879.45,-1442.22
1396.75,-1057.43,-1549.18
-392.25,-10.05,1060.54
3995.4,1465.67,-2182.22
-1247.98,1573.84,1831.76
-512.07,-36.74,94.3
1716.01,-1128.15,160.27
-372.76,-775.71,227.74
367.0,-717.19,299.49
318.15,-1106.76,231.52
683.25,-1047.85,232.09
345.62,-997.29,265.82
703.55,-967.49,274.4
413.73,-1106.74,321.75
572.51,-841.08,404.19
386.29,-744.15,400.96
375.16,-732.82,432.41
354.87,-805.54,422.15
501.26,-845.89,509.36
497.82,-808.49,480.69
468.0,-782.49,455.01
375.36,-768.6,385.51
424.59,-790.92,357.71
490.14,-784.84,392.05
457.97,-817.85,353.44
484.64,-778.56,399.94
404.49,-787.1,392.66
465.47,-778.69,422.28
432.37,-748.34,413.89
439.25,-784.78,391.47
455.6,-789.24,380.11
471.0,-768.06,410.76
412.66,-778.0,417.35
483.07,-745.6,426.56
395.25,-766.98,410.85
440.92,-771.88,404.55
437.45,-800.39,390.14
463.1,-788.13,400.28
444.31,-770.66,402.63
450.52,-780.22,402.23
472.79,-766.35,416.38
469.92,-755.05,422.22
467.58,-755.68,415.35
451.25,-759.09,422.53
464.18,-771.34,425.75
446.69,-758.77,414.24
452.83,-756.72,420.27
457.95,-765.22,422.35
440.95,-768.87,432.95
479.74,-752.85,434.27
462.92,-753.85,407.66
472.07,-743.65,408.23

 -,-,-
178.71,-740.72,1115.23
297.61,-677.73,1138.18
390.01,-705.81,1057.62
255.13,-715.21,956.05
261.72,-616.46,917.11
267.58,-492.55,754.64
178.83,-327.39,752.32
665.28,-218.14,420.04
648.93,-723.39,-646.12
328.61,-354.86,-216.55
495.48,-404.3,-608.03
728.52,-396.97,-997.31
785.64,-444.09,-1029.3
874.76,-544.43,-1076.78
975.22,-595.21,-1362.92
951.9,-843.99,-1457.28
1117.92,-978.15,-1633.67
1237.55,-1087.04,-1450.07
1280.64,-1377.32,-1454.83
-706.91,-547.0,1153.69
-324.46,3901.61,-2453.98
-1634.64,1052.61,850.83
-967.41,-484.62,29.79
2087.77,-1202.03,-223.14
-195.8,-974.73,68.6
834.23,-819.21,226.56
571.9,-990.97,189.45
634.52,-1065.31,314.7
571.29,-1145.51,143.92
528.56,-909.55,377.81
473.75,-828.98,300.05
481.08,-818.48,323.36
314.33,-874.15,267.33
483.15,-824.34,320.56
391.36,-831.67,282.35
523.56,-784.06,328.49
382.32,-810.3,306.88
541.26,-796.02,343.99
504.88,-781.37,359.37
485.6,-783.08,337.89
506.23,-804.2,366.7
529.66,-782.47,343.26
509.89,-791.14,365.72
505.25,-784.55,356.2
494.02,-756.71,356.08
481.08,-765.62,378.42
489.26,-778.81,338.99
512.21,-766.11,358.28
466.31,-772.58,353.27
494.63,-768.07,346.8
506.59,-774.29,335.82
482.67,-781.62,333.13
510.74,-776.49,344.24
515.26,-751.59,357.54
497.19,-759.89,343.02
467.04,-767.21,322.14
546.02,-746.95,337.52
485.96,-762.82,356.81
518.07,-770.39,372.19
499.27,-779.05,385.13
463.5,-758.06,393.19
351.07,-723.51,554.57
367.07,-724.24,559.2
280.64,-697.88,622.44
354.25,-708.25,607.06
321.17,-736.82,618.77
361.69,-720.09,623.17
324.1,-712.89,612.06
312.13,-708.25,600.83
499.27,-779.05,385.13
463.5,-758.06,393.19

 -,-,-
174.09,-741.26,1117.09
296.56,-682.57,1139.65
387.4,-706.28,1052.63
252.16,-718.28,960.61
264.36,-614.49,921.76
266.36,-487.96,759.61
177.06,-323.96,747.75
666.89,-217.77,415.71
647.35,-723.44,-649.78
324.01,-353.41,-219.72
496.76,-403.67,-604.9
728.32,-392.75,-998.39
787.39,-441.06,-1033.11
877.84,-541.62,-1077.17
974.58,-592.87,-1364.34
951.36,-841.89,-1456.03
1122.71,-975.76,-1633.68
1236.74,-1089.47,-1447.82
1276.11,-1380.67,-1452.18
-707.71,-547.9,1149.23
-325.18,3896.89,-2451.2
-1633.85,1048.25,853.79
-964.79,-482.27,33.14
2087.35,-1203.59,-218.15
-191.62,-975.55,72.23
837.0,-816.78,225.9
568.43,-987.67,193.77
630.9,-1069.14,316.84
572.59,-1145.26,148.69
524.77,-910.3,382.05
469.21,-830.62,296.64
485.46,-817.76,327.05
318.59,-876.02,272.33
483.47,-822.45,318.02
389.27,-827.72,281.46
521.57,-779.56,332.85
381.0,-809.82,306.0
539.95,-798.18,339.74
504.26,-780.12,356.57
488.95,-787.01,340.47
509.83,-809.12,362.82
526.95,-785.29,344.97
509.65,-793.04,362.78
506.24,-785.21,353.62
489.83,-757.18,352.87
484.86,-761.93,374.46
485.41,-779.42,334.96
507.9,-766.35,362.18
462.57,-773.64,350.13
496.05,-768.91,349.48
505.45,-769.69,334.36
478.17,-778.82,336.46
507.69,-775.69,340.79
514.65,-749.67,358.45
497.31,-759.76,338.73
463.22,-764.74,323.17
549.38,-744.03,335.76
484.09,-764.33,355.77
513.96,-767.41,375.78
498.29,-782.06,382.08
464.03,-761.07,391.25
346.59,-719.9,554.0
370.94,-720.83,562.53
277.74,-693.13,626.88
358.47,-706.98,608.99
316.57,-738.11,620.71
359.9,-720.15,621.97
323.3,-714.14,615.43
316.32,-708.82,597.24
498.85,-778.99,380.92
460.12,-759.42,391.91

 -,-,-
181.42,-745.59,1116.28
300.84,-682.55,1141.81
385.06,-701.26,1055.45
259.38,-715.54,952.81
260.77,-613.94,914.33
266.01,-491.77,755.94
178.83,-331.35,756.44
662.83,-217.1,419.73
646.47,-725.38,-644.04
328.6,-349.89,-215.45
500.35,-407.5,-607.74
725.44,-396.89,-992.69
787.19,-448.47,-1028.74
872.86,-543.13,-1075.48
974.66,-592.66,-1367.22
949.79,-846.29,-1456.68
1118.77,-980.24,-1634.83
1237.41,-1090.4,-1445.89
1276.64,-1376.5,-1454.84
-708.51,-544.81,1154.28
-320.99,3903.52,-2452.91
-1630.78,1051.06,849.33
-966.8,-488.58,30.56
2091.96,-1203.42,-227.28
-195.81,-972.93,68.25
829.54,-816.09,226.94
570.63,-990.86,185.38
635.78,-1069.69,312.98
574.4,-1141.02,140.45
529.16,-910.57,377.32
471.96,-833.7,300.97
484.82,-813.53,321.71
311.56,-872.44,269.71
485.04,-827.79,325.14
394.79,-827.87,284.07
523.36,-788.06,324.02
384.84,-814.69,302.33
542.14,-800.49,340.0
508.26,-786.28,360.31
486.87,-783.33,334.12
507.59,-806.16,370.96
531.85,-780.74,340.52
508.43,-792.4,367.86
509.88,-789.4,351.4
491.54,-760.79,351.83
483.55,-768.3,381.34
488.64,-777.61,339.54
509.2,-769.55,356.07
463.92,-771.95,356.77
493.23,-770.76,346.64
502.1,-777.86,338.75
485.81,-784.65,329.62
515.52,-773.62,344.62
518.51,-754.82,359.26
493.79,-759.34,343.27
467.77,-765.78,318.35
545.75,-742.61,340.75
485.74,-765.96,361.8
517.34,-773.75,367.29
496.74,-782.39,387.29
460.29,-756.73,389.72
354.24,-725.61,551.29
365.5,-727.56,556.9
284.77,-698.75,625.98
355.51,-711.08,604.77
319.24,-734.39,616.31
364.37,-715.4,622.75
328.21,-708.07,612.83
312.62,-706.21,598.04
496.86,-776.62,387.02
463.09,-759.87,393.96

 -,-,-
175.1,-745.58,1112.51
298.44,-672.85,1141.9
387.75,-710.25,1057.72
255.46,-715.95,953.78
264.57,-616.53,916.0
271.08,-494.88,756.87
175.02,-330.3,749.07
663.39,-214.43,420.77
644.38,-725.08,-650.75
323.74,-356.65,-220.21
490.88,-400.32,-608.64
726.11,-398.2,-1000.14
784.4,-440.69,-1026.36
872.33,-545.41,-1074.12
971.59,-592.03,-1362.68
954.61,-845.81,-1455.69
1113.45,-981.65,-1636.74
1238.95,-1090.17,-1446.15
1282.68,-1378.15,-1450.1
-709.5,-544.09,1150.23
-327.16,3898.33,-2456.68
-1636.51,1050.51,854.84
-963.15,-484.12,32.11
2086.42,-1202.91,-226.99
-196.96,-970.55,64.48
830.97,-822.43,229.16
576.5,-994.53,193.16
631.63,-1070.28,317.44
575.82,-1148.94,144.57
528.17,-912.31,375.14
476.64,-830.21,299.13
485.5,-814.01,326.5
312.66,-872.26,263.1
486.61,-819.74,322.36
392.37,-836.52,282.46
527.88,-785.6,329.25
379.13,-810.56,304.62
544.87,-799.51,343.27
505.39,-778.6,355.49
480.75,-778.74,337.45
501.42,-806.19,364.46
526.58,-779.08,340.61
514.64,-792.6,370.25
508.88,-781.2,356.41
491.67,-758.36,360.26
476.69,-765.25,376.67
486.12,-775.4,337.15
511.99,-767.53,361.89
468.93,-769.52,354.24
495.73,-769.72,344.51
509.05,-771.3,339.94
484.36,-781.04,330.46
509.93,-774.36,341.46
511.03,-752.8,355.53
501.91,-761.98,338.61
466.06,-771.07,317.54
541.78,-744.04,337.99
486.35,-760.86,358.62
518.3,-766.59,373.23
494.81,-778.85,380.8
468.16,-759.51,396.92
347.75,-724.93,552.06
371.23,-721.01,554.94
277.54,-699.12,618.48
355.08,-704.74,602.87
323.01,-738.11,622.49
365.45,-717.17,622.8
320.66,-709.24,614.14
312.65,-712.72,604.17
500.67,-775.6,387.24
461.55,-754.24,397.46

 -,-,-
174.93,-739.39,1118.18
302.42,-677.08,1142.61
386.69,-704.28,1057.83
254.46,-718.41,958.1
264.72,-615.2,919.33
270.69,-490.61,758.38
176.44,-324.7,754.02
667.34,-215.15,415.08
649.77,-725.4,-645.21
332.33,-353.56,-219.7
500.04,-403.31,-606.85
725.16,-399.84,-999.92
785.1,-447.86,-1031.98
873.54,-541.1,-1079.62
979.5,-594.27,-1363.38
947.88,-846.08,-1460.41
1116.79,-981.09,-1634.21
1233.49,-1089.55,-1450.37
1284.16,-1381.65,-1456.88
-704.07,-550.52,1149.7
-322.27,3899.68,-2457.46
-1639.41,1055.25,854.42
-971.48,-482.19,34.65
2087.34,-1204.54,-218.97
-196.54,-974.75,73.37
837.69,-823.08,226.16
573.12,-986.48,192.12
639.08,-1067.85,317.7
575.85,-1147.18,148.59
529.11,-911.33,374.93
474.37,-830.32,299.56
482.81,-816.09,325.12
317.88,-876.68,266.34
482.45,-825.45,320.16
387.77,-829.98,284.18
525.99,-779.81,333.27
378.91,-810.72,302.1
546.26,-798.08,346.84
508.86,-776.92,361.58
490.32,-783.05,340.56
505.29,-800.6,367.2
524.67,-782.64,340.58
511.75,-794.4,370.09
502.35,-785.21,354.29
495.47,-759.74,354.3
476.43,-765.38,374.66
485.47,-779.79,341.16
515.92,-770.95,360.29
469.79,-768.41,355.56
492.04,-772.61,345.04
505.48,-776.87,334.75
481.86,-778.82,333.42
510.33,-775.18,342.85
512.72,-752.5,355.93
500.49,-757.79,339.49
465.14,-771.97,320.52
541.63,-743.01,338.09
488.08,-763.97,360.27
522.61,-766.73,373.31
503.49,-780.85,387.75
462.25,-756.69,392.64
355.83,-727.66,555.0
368.52,-725.32,559.24
277.97,-697.84,621.26
355.67,-708.07,604.8
324.97,-736.33,618.33
358.59,-716.96,627.18
328.94,-709.62,616.88
313.94,-704.21,602.95
502.13,-775.71,388.94
459.73,-757.27,389.94

 -,-,-
179.43,-740.08,1119.13
297.35,-672.76,1137.43
389.27,-710.75,1061.21
253.12,-710.91,955.86
261.92,-618.28,919.45
265.79,-494.46,758.03
180.62,-327.75,756.45
665.24,-213.22,423.29
648.88,-719.75,-648.47
324.91,-358.6,-212.3
491.89,-403.45,-604.79
724.99,-399.78,-993.28
790.04,-439.74,-1031.91
877.35,-542.19,-1076.83
974.66,-599.17,-1362.87
955.25,-845.69,-1457.61
1117.19,-976.55,-1635.74
1242.49,-1088.75,-1446.04
1276.88,-1380.89,-1453.27
-708.09,-542.21,1148.79
-322.82,3897.08,-2452.94
-1635.83,1055.98,846.03
-968.12,-484.41,29.83
2086.24,-1203.87,-226.87
-198.05,-976.96,67.9
836.41,-818.94,225.96
568.65,-992.22,185.27
634.34,-1069.51,309.77
571.47,-1146.11,146.54
528.38,-908.22,382.41
473.83,-826.75,297.18
482.59,-818.56,322.77
317.0,-874.65,265.34
478.56,-820.87,320.66
392.23,-831.88,282.19
520.17,-788.91,330.49
381.34,-815.03,303.07
544.24,-794.8,347.96
500.73,-783.93,358.04
481.31,-780.26,340.89
504.37,-805.94,366.57
525.36,-780.82,344.49
508.52,-789.87,365.15
504.08,-781.26,356.57
493.06,-760.32,359.2
482.44,-764.98,380.63
487.79,-783.18,337.98
507.38,-761.31,362.5
469.57,-774.64,353.06
490.82,-772.27,348.42
503.32,-772.36,331.55
481.78,-779.33,335.84
510.51,-781.3,348.89
516.89,-747.41,360.73
496.76,-755.42,341.55
465.18,-767.4,321.1
542.49,-748.19,341.24
482.67,-763.11,353.08
515.74,-767.52,372.66
502.0,-780.6,388.88
465.02,-755.55,393.39
351.97,-727.94,557.24
364.43,-720.66,554.7
277.58,-696.23,618.93
353.54,-704.56,608.03
325.0,-732.24,615.03
364.57,-718.23,621.49
323.69,-708.55,610.58
308.04,-705.59,596.84
500.14,-775.81,384.11
458.98,-762.71,388.76

 -,-,-
390.01,-705.81,1057.62
255.13,-715.21,956.05
261.72,-616.46,917.11
267.58,-492.55,754.64
178.83,-327.39,752.32
665.28,-218.14,420.04
648.93,-723.39,-646.12
328.61,-354.86,-216.55
495.48,-404.3,-608.03
728.52,-396.97,-997.31
785.64,-444.09,-1029.3
874.76,-544.43,-1076.78
975.22,-595.21,-1362.92
799.19,-429.2,-992.92
832.4,-680.18,-1472.05
1031.13,-686.4,-1234.74
1057.25,-792.6,-1745.61
974.49,-1049.19,-1643.19
953.12,-899.29,-1585.21
969.6,-1034.18,-1289.92
-192.26,-701.17,656.62
2175.42,3999.51,-1462.4
82.15,865.97,676.39
-1106.08,-515.99,37.11
2000.0,-1046.02,110.23
-775.51,-896.73,424.44
703.25,-833.37,427.73
268.55,-1038.21,422.0
451.17,-1219.24,371.22
407.1,-990.36,395.63
669.56,-1074.71,451.17
233.89,-750.85,547.0
259.28,-707.03,516.85
95.58,-886.11,434.08
447.63,-779.79,527.95
192.5,-858.52,501.71
364.38,-782.59,501.59
282.23,-825.56,485.23
403.44,-773.8,460.33
277.95,-819.7,477.91
362.06,-805.3,442.14
310.79,-788.57,507.2
343.26,-793.46,522.95
340.82,-795.17,535.4
255.74,-799.19,551.27
318.73,-786.74,519.29
292.36,-782.71,530.52
320.56,-774.41,530.52
288.82,-782.71,536.01
305.3,-793.58,461.43
303.34,-735.47,510.86
323.12,-766.85,492.92
309.2,-782.84,465.94
354.49,-754.15,489.01
307.86,-795.41,491.21
399.17,-746.09,503.3
340.33,-805.18,537.84
342.53,-809.81,530.52
340.94,-762.57,599.37
311.04,-824.83,543.7
240.48,-767.7,508.06
293.21,-785.4,527.34
332.89,-766.85,527.47
374.88,-744.26,579.96
344.73,-703.86,590.33
312.26,-702.27,570.56
421.39,-730.1,561.28
373.54,-742.8,557.25
364.87,-728.15,564.7

 -,-,-
392.09,-703.62,1061.39
253.69,-714.97,956.81
266.44,-613.19,912.2
263.05,-490.15,749.65
176.79,-328.54,748.98
663.65,-218.34,416.16
648.19,-728.21,-647.3
332.82,-357.31,-217.97
493.34,-403.09,-604.89
730.57,-397.16,-996.74
781.05,-442.24,-1030.64
877.48,-546.65,-1081.66
978.78,-599.15,-1362.28
799.65,-429.17,-988.83
827.78,-676.7,-1472.89
1030.31,-691.04,-1234.57
1055.32,-793.38,-1746.9
978.92,-1049.15,-1641.42
952.35,-898.67,-1587.67
966.69,-1030.96,-1286.96
-195.16,-705.41,661.11
2176.62,4000.92,-1459.96
79.37,867.55,674.4
-1101.64,-519.45,39.25
1996.14,-1045.38,113.83
-773.48,-901.03,424.41
699.7,-830.51,432.31
264.0,-1033.42,424.94
450.64,-1218.08,374.42
402.89,-986.62,399.72
674.32,-1079.26,451.64
233.9,-747.11,543.56
260.08,-708.27,513.24
95.78,-885.68,437.94
443.95,-781.37,527.86
190.37,-860.1,502.69
367.04,-787.55,497.93
283.48,-824.81,484.97
407.9,-770.88,457.58
273.92,-821.03,475.49
358.21,-801.33,444.67
311.66,-792.81,504.27
340.59,-795.32,523.59
341.52,-792.73,534.38
258.15,-798.18,554.01
323.58,-787.94,521.96
294.05,-786.84,534.69
321.54,-772.68,532.98
286.68,-785.1,535.39
304.76,-793.83,460.6
302.29,-733.16,514.88
327.03,-763.39,495.23
311.32,-783.79,466.35
350.33,-757.36,486.0
305.22,-793.79,495.74
403.91,-749.88,498.86
343.07,-804.66,532.89
338.8,-808.61,526.77
343.03,-760.49,601.64
313.16,-821.09,547.94
242.73,-764.32,503.27
296.33,-781.98,523.52
328.17,-767.97,531.97
370.15,-741.65,582.9
345.81,-708.53,594.68
309.84,-699.12,568.18
418.86,-729.28,558.62
378.28,-745.61,558.24
369.26,-725.14,566.15

 -,-,-
389.32,-707.96,1055.09
254.8,-713.27,951.86
259.08,-615.84,919.38
271.98,-496.24,758.05
181.32,-326.98,756.97
665.52,-217.07,415.4
651.3,-721.48,-644.76
325.21,-351.51,-217.47
491.51,-409.11,-605.9
732.7,-399.15,-993.47
785.94,-444.91,-1029.75
875.69,-542.04,-1076.64
979.33,-591.47,-1363.98
796.34,-427.4,-993.91
831.02,-678.96,-1469.14
1034.74,-691.21,-1236.12
1060.38,-790.45,-1749.04
969.87,-1047.79,-1640.54
953.07,-902.45,-1580.78
971.89,-1030.73,-1288.34
-190.86,-705.71,659.35
2171.3,3996.76,-1465.38
85.35,867.06,680.97
-1105.23,-517.01,37.86
1997.5,-1047.98,113.5
-772.14,-892.61,420.92
706.35,-831.44,426.0
265.07,-1041.03,423.67
446.61,-1214.6,371.35
408.57,-988.94,395.49
665.85,-1077.57,447.12
236.66,-751.66,543.11
259.32,-708.8,513.11
97.41,-888.36,429.12
448.46,-778.52,530.0
191.65,-858.0,499.27
367.76,-777.92,506.4
286.15,-829.68,483.67
407.41,-769.35,460.99
273.59,-817.87,474.84
365.75,-802.34,444.12
309.33,-784.23,511.37
343.72,-796.95,527.65
337.31,-800.14,538.7
254.44,-794.45,553.01
321.94,-784.08,517.84
290.04,-778.12,526.32
321.99,-777.3,527.51
285.16,-784.41,540.29
310.02,-794.48,466.12
304.12,-734.0,509.15
324.94,-769.11,490.09
305.74,-787.45,460.99
352.66,-758.33,486.39
309.08,-800.09,492.63
395.67,-742.82,502.56
341.94,-803.08,541.06
342.9,-809.31,531.59
341.86,-762.47,601.9
314.32,-822.63,542.49
236.3,-763.79,509.63
295.62,-781.82,522.86
334.65,-762.68,529.11
370.59,-747.35,575.83
344.18,-702.19,588.07
313.82,-699.71,567.66
424.93,-725.3,557.8
378.05,-740.61,559.3
360.11,-732.3,560.59

 -,-,-
392.8,-703.94,1054.23
251.23,-717.18,953.38
266.42,-619.37,915.09
264.26,-487.95,751.46
179.44,-327.33,753.02
663.85,-220.1,423.21
653.75,-724.11,-650.36
332.36,-358.46,-213.19
499.97,-403.8,-611.14
724.15,-399.04,-996.39
784.95,-444.32,-1024.85
878.29,-543.12,-1073.87
972.54,-599.74,-1364.57
802.73,-429.79,-994.78
828.26,-682.07,-1472.08
1035.0,-688.94,-1232.81
1060.05,-789.46,-1746.72
976.61,-1049.79,-1641.83
953.17,-898.7,-1583.55
971.62,-1034.69,-1291.34
-193.7,-701.68,659.94
2176.2,4003.63,-1466.76
80.96,862.19,674.4
-1101.73,-513.93,41.0
1998.09,-1045.13,110.44
-780.07,-892.25,427.9
698.79,-828.75,428.22
271.65,-1038.78,422.02
454.46,-1215.81,369.01
411.95,-993.28,391.67
673.21,-1075.53,453.98
233.14,-750.17,550.8
262.93,-703.74,515.21
92.68,-885.66,434.03
447.66,-777.67,530.76
192.26,-857.88,504.52
364.71,-781.25,503.72
280.11,-824.66,487.9
402.59,-770.99,461.93
273.52,-816.27,473.51
358.3,-804.6,438.9
308.23,-785.28,507.24
344.7,-792.25,522.79
336.44,-790.34,535.66
255.22,-797.39,555.91
316.51,-789.5,522.36
290.01,-778.64,527.14
324.2,-776.41,533.05
291.75,-787.44,539.02
310.19,-796.68,458.97
305.81,-737.76,508.38
320.49,-768.91,491.42
305.04,-781.39,469.09
359.14,-749.69,491.95
309.3,-799.55,486.94
400.82,-745.66,501.86
337.47,-805.48,541.65
344.8,-812.41,533.27
341.31,-758.7,603.1
316.02,-820.69,545.18
243.86,-765.07,508.78
289.58,-790.23,527.67
330.6,-771.2,530.95
377.24,-743.09,581.1
341.81,-702.53,586.16
311.13,-697.93,569.76
422.28,-728.49,558.07
368.9,-740.15,557.41
362.95,-725.58,562.32

 -,-,-
394.3,-704.26,1056.34
252.19,-712.05,953.95
266.63,-620.78,915.61
270.53,-497.37,751.14
176.13,-325.8,756.78
670.11,-221.82,421.83
651.8,-725.49,-645.07
325.57,-354.65,-218.82
494.86,-406.51,-610.04
726.08,-400.41,-999.28
784.58,-448.16,-1025.69
870.37,-542.09,-1075.13
980.21,-596.84,-1360.94
799.63,-431.39,-992.94
830.16,-678.79,-1473.68
1030.05,-682.73,-1239.3
1057.12,-796.49,-1743.44
976.9,-1052.02,-1641.34
957.0,-898.45,-1585.0
974.37,-1029.22,-1293.69
-195.42,-697.13,660.09
2173.4,4001.77,-1459.58
79.87,865.07,677.45
-1109.53,-518.1,35.72
2003.68,-1048.56,105.46
-774.98,-897.47,422.51
707.7,-828.53,432.16
270.97,-1040.42,417.19
448.49,-1222.83,367.36
404.16,-985.65,400.3
666.51,-1073.58,447.95
232.19,-755.36,542.97
257.87,-702.47,512.9
97.31,-889.51,433.87
444.02,-782.66,532.33
190.64,-853.73,505.56
363.55,-779.95,497.02
280.04,-828.65,484.05
402.29,-776.03,463.54
273.03,-816.6,480.36
361.73,-809.36,447.13
308.49,-788.01,506.04
344.39,-791.87,519.59
340.78,-795.69,540.36
256.0,-799.15,554.59
317.88,-785.87,515.01
295.1,-784.03,526.9
321.64,-779.17,532.84
292.5,-785.72,534.79
301.36,-795.37,464.3
301.12,-739.68,508.1
320.15,-764.7,489.6
311.61,-778.08,464.04
357.57,-751.65,488.57
303.17,-790.58,495.4
401.9,-742.49,507.59
338.39,-805.41,536.27
337.55,-805.62,528.21
336.25,-764.97,594.53
312.94,-828.8,541.12
241.25,-765.51,512.47
288.58,-784.6,526.18
333.74,-766.97,528.19
370.46,-740.51,575.67
344.69,-699.5,590.09
315.32,-703.42,572.99
419.87,-726.19,558.46
371.13,-740.81,553.57
362.62,-723.76,562.2

 -,-,-
387.43,-710.29,1057.55
251.53,-713.01,960.97
266.1,-619.08,912.79
265.65,-494.19,759.12
178.06,-326.92,748.54
663.2,-222.61,415.51
653.79,-719.14,-643.96
324.03,-354.51,-217.6
497.77,-405.94,-603.28
725.38,-399.86,-995.34
780.71,-442.53,-1027.71
870.51,-549.35,-1080.71
972.94,-592.67,-1360.59
798.03,-430.71,-989.95
827.77,-682.56,-1473.98
1031.57,-687.77,-1233.6
1056.53,-791.53,-1742.78
977.0,-1052.72,-1641.73
957.36,-897.13,-1583.27
968.95,-1031.53,-1287.78
-194.51,-701.85,657.46
2174.1,4002.83,-1458.79
82.99,864.07,675.81
-1109.23,-513.1,33.03
1995.82,-1041.41,107.41
-777.96,-896.72,422.46
704.3,-828.81,424.02
265.13,-1042.55,424.89
447.05,-1216.79,367.14
405.22,-994.5,394.59
669.2,-1072.35,453.97
238.63,-755.38,547.31
261.12,-709.37,518.5
98.97,-889.93,437.0
447.67,-780.51,525.08
194.26,-860.44,503.01
366.16,-778.85,498.26
286.34,-829.01,487.64
404.68,-771.59,456.51
281.19,-823.87,474.65
360.52,-804.06,441.82
308.28,-783.84,503.19
346.93,-794.19,524.39
337.68,-797.4,531.9
258.38,-796.22,551.82
314.34,-789.41,519.74
293.72,-785.65,531.55
319.55,-778.79,534.49
283.88,-780.84,533.13
309.32,-791.23,462.59
303.47,-735.09,508.58
327.56,-762.62,488.82
307.48,-781.05,463.99
352.69,-754.95,488.47
308.85,-795.78,491.27
399.32,-749.1,501.18
335.41,-806.79,541.49
341.77,-808.78,531.96
345.68,-757.89,596.42
308.55,-828.6,542.15
237.18,-771.17,510.02
296.99,-788.83,525.2
335.15,-763.29,525.15
372.59,-739.35,584.08
347.49,-701.95,587.89
316.85,-700.67,574.32
416.73,-732.67,562.26
373.31,-745.87,559.63
360.61,-726.27,568.78

 -,-,-
32.71,-571.29,1285.28
92.77,-530.4,1223.51
28.32,-613.04,1168.09
-98.51,-603.76,1119.02
182.01,-521.24,928.34
229.37,-562.5,688.6
218.99,-457.76,776.12
217.29,-468.87,527.34
231.32,-479.13,316.89
370.24,-510.38,175.17
572.39,-610.96,-371.34
450.93,-454.1,-270.39
677.25,-429.08,-571.04
717.9,-420.29,-737.67
909.91,-563.23,-1022.34
890.14,-649.29,-1185.55
1047.73,-747.68,-1164.43
1142.09,-957.89,-1649.9
910.4,-980.22,-1263.43
1445.56,-1261.47,-1889.04
1277.47,-777.71,-1085.82
-567.87,760.99,1363.65
2988.89,3955.44,-1727.42
-2797.0,152.83,645.14
716.8,-78.0,554.2
936.77,-957.76,-260.62
-191.65,-791.02,393.31
693.73,-843.99,299.93
295.29,-1137.57,238.65
760.86,-932.5,415.65
676.27,-1271.12,120.12
832.15,-987.43,524.66
323.61,-723.51,544.68
582.28,-652.95,358.4
281.98,-782.35,473.51
475.34,-873.9,366.7
525.15,-759.89,455.08
481.2,-779.54,449.95
569.46,-721.44,459.96
393.07,-761.84,406.74
562.99,-743.04,385.25
483.89,-739.75,393.92
528.81,-739.38,399.05
514.04,-715.09,409.67
482.42,-727.29,421.87
494.14,-755.49,431.15
469.6,-745.0,485.35
500.0,-750.61,488.65
529.3,-732.67,501.59
458.5,-749.88,505.13
485.23,-753.42,491.7
488.53,-750.0,488.77
500.61,-735.47,452.39
535.4,-719.6,446.9
487.18,-720.34,428.1
537.23,-704.22,403.44
455.57,-736.57,427.86
530.52,-717.65,463.01
463.38,-768.92,423.46
529.66,-736.57,419.56
422.12,-763.06,377.44
494.02,-752.2,397.95
422.61,-777.95,394.9
507.32,-751.1,411.87
470.46,-767.21,442.38
493.77,-732.42,455.32
500.49,-725.34,438.96
460.94,-761.96,462.28
537.6,-700.93,425.78
472.29,-734.86,410.52

 -,-,-
37.32,-567.55,1290.24
93.11,-529.56,1227.0
24.96,-616.55,1163.78
-97.13,-605.8,1116.13
182.43,-524.88,929.66
233.73,-565.97,687.35
216.58,-453.93,776.22
215.03,-471.03,522.67
232.27,-482.32,317.84
372.91,-505.38,173.52
567.91,-608.23,-375.74
447.97,-458.06,-273.83
680.03,-432.13,-572.98
720.46,-422.01,-738.25
908.84,-562.61,-1026.14
886.01,-653.61,-1189.81
1051.73,-751.64,-1169.0
1138.51,-958.74,-1646.03
910.09,-975.65,-1260.74
1441.37,-1257.73,-1887.73
1276.92,-781.37,-1081.62
-564.35,765.84,1368.25
2985.91,3951.41,-1731.28
-2793.36,157.8,644.52
721.08,-76.57,549.75
941.14,-961.39,-265.24
-193.87,-795.94,395.1
697.08,-847.25,295.22
290.51,-1134.34,236.29
755.92,-933.94,414.82
680.73,-1271.27,122.0
828.27,-986.66,523.74
321.5,-723.61,542.79
577.46,-649.43,362.51
278.22,-780.9,469.61
477.05,-870.69,365.09
524.2,-757.66,455.79
481.1,-780.45,449.23
572.63,-723.23,463.06
393.66,-766.61,405.84
564.62,-743.19,385.9
483.98,-735.56,394.1
529.02,-739.1,396.15
515.5,-713.12,407.22
478.07,-728.36,423.41
497.74,-757.75,426.36
474.3,-747.97,484.47
496.42,-752.96,492.55
528.96,-732.86,506.45
459.68,-753.75,509.52
486.12,-756.87,488.26
484.43,-751.22,485.28
502.57,-739.65,450.43
538.64,-715.14,451.08
485.26,-722.99,431.21
535.66,-704.3,399.3
452.87,-740.17,423.39
529.48,-713.42,465.85
463.12,-772.32,419.16
527.13,-732.78,422.52
418.85,-762.46,373.32
495.57,-756.87,399.63
419.45,-782.64,396.51
502.71,-753.0,410.5
473.45,-769.46,437.69
494.01,-735.11,459.86
496.46,-729.36,434.97
465.71,-757.76,462.04
538.54,-699.32,421.88
472.5,-730.88,413.98

 -,-,-
27.89,-570.77,1287.82
95.17,-532.51,1218.92
25.54,-615.82,1167.45
-103.18,-599.65,1123.93
186.17,-520.9,930.3
231.85,-565.87,691.81
223.21,-453.66,775.79
218.04,-465.79,530.99
228.17,-477.42,312.09
367.4,-511.8,172.42
568.84,-609.02,-371.13
453.34,-452.03,-275.1
677.49,-426.7,-569.73
716.51,-422.4,-741.05
908.4,-559.71,-1022.74
893.66,-646.45,-1189.64
1046.1,-749.81,-1160.22
1138.09,-959.02,-1646.26
909.54,-979.76,-1259.14
1450.4,-1260.13,-1892.1
1273.72,-773.47,-1082.42
-571.05,763.39,1360.68
2992.45,3958.83,-1729.61
-2796.06,156.94,648.91
714.08,-75.76,557.53
941.13,-958.56,-259.73
-189.69,-795.31,391.38
691.07,-844.73,297.08
291.29,-1142.27,235.38
760.5,-932.04,419.81
671.54,-1267.61,123.55
836.39,-986.22,526.52
320.9,-726.84,541.48
583.29,-653.84,358.14
280.53,-779.6,473.6
479.36,-874.16,366.49
524.68,-763.03,458.17
485.55,-778.15,454.61
572.91,-719.89,458.38
392.24,-763.25,403.57
559.62,-740.68,381.25
485.47,-739.07,393.35
527.33,-739.84,403.21
512.03,-717.12,405.12
483.66,-730.69,420.74
492.33,-760.38,435.16
465.3,-747.89,483.39
498.28,-747.0,485.75
530.37,-729.84,499.47
455.99,-754.78,507.27
484.17,-756.83,495.35
486.62,-745.98,484.26
496.1,-733.43,457.01
531.74,-720.11,442.84
489.21,-717.91,424.9
536.69,-707.21,402.81
456.79,-741.15,425.38
531.81,-715.98,458.89
459.98,-769.33,418.9
525.42,-739.54,424.53
424.2,-766.08,378.03
489.74,-748.7,401.45
423.25,-773.65,394.01
509.9,-754.46,409.17
471.64,-771.95,439.18
491.07,-731.81,451.43
503.81,-727.45,439.92
456.01,-764.25,466.82
537.48,-703.34,429.29
476.65,-737.15,405.74

 -,-,-
32.83,-568.17,1280.94
93.75,-526.15,1220.75
29.78,-616.02,1163.73
-99.98,-605.02,1117.29
185.34,-517.34,925.2
232.88,-563.83,684.19
221.64,-461.46,777.13
214.8,-467.8,528.76
230.91,-481.57,312.43
371.97,-514.18,176.26
575.33,-607.67,-375.27
454.61,-450.49,-270.78
673.28,-432.87,-575.22
715.85,-419.71,-740.54
912.88,-566.82,-1020.59
891.54,-651.66,-1186.79
1050.77,-752.46,-1166.36
1143.45,-956.87,-1648.82
908.65,-976.16,-1266.32
1447.85,-1264.75,-1891.85
1276.26,-776.57,-1090.3
-570.96,757.9,1360.58
2984.17,3951.58,-1725.28
-2801.56,151.34,640.74
714.78,-82.85,554.09
939.23,-961.91,-264.42
-188.78,-787.16,392.11
690.76,-842.4,303.04
300.23,-1139.71,235.21
760.8,-935.47,414.61
674.18,-1269.96,120.32
831.34,-986.38,526.86
321.58,-722.56,549.57
581.0,-649.37,355.11
283.67,-784.61,470.62
477.46,-873.57,366.42
522.98,-758.18,453.59
482.38,-783.48,452.54
573.2,-723.24,464.61
391.72,-765.92,405.2
565.09,-744.72,380.37
485.76,-741.38,389.97
527.63,-735.82,394.52
510.09,-714.25,406.99
480.43,-722.59,420.86
493.53,-750.75,435.79
473.15,-742.12,490.06
497.98,-753.25,491.3
528.44,-731.69,498.97
457.32,-749.46,508.7
480.81,-751.05,490.27
487.13,-749.08,489.96
502.89,-731.96,447.45
531.46,-719.78,445.41
487.88,-723.65,432.42
540.25,-706.16,401.12
457.31,-738.74,429.07
526.81,-717.07,459.85
467.41,-764.97,421.26
528.73,-737.69,420.73
426.97,-764.28,378.66
496.19,-750.18,400.22
427.0,-773.2,390.39
505.74,-754.42,413.76
469.34,-770.78,439.05
490.73,-737.06,458.24
503.23,-724.36,434.65
463.59,-759.43,458.61
535.37,-705.29,424.64
476.58,-730.45,413.4

 -,-,-
28.0,-566.42,1287.04
91.19,-534.5,1222.83
33.29,-611.53,1169.97
-99.95,-608.15,1115.71
183.29,-516.4,927.32
232.15,-562.1,690.95
214.1,-459.56,773.64
216.15,-471.63,525.66
228.29,-481.66,315.68
368.72,-511.43,170.21
577.35,-614.84,-374.98
447.95,-456.77,-274.09
677.44,-424.79,-568.2
718.04,-422.63,-741.1
907.12,-559.54,-1027.16
890.66,-650.89,-1186.17
1045.63,-747.37,-1169.26
1145.27,-957.39,-1654.2
906.87,-978.63,-1265.61
1444.61,-1266.26,-1892.94
1277.19,-773.04,-1085.79
-568.78,760.34,1362.34
2993.68,3959.63,-1728.94
-2797.81,153.94,650.0
714.34,-81.05,552.1
936.15,-960.77,-261.25
-188.93,-792.37,391.86
691.48,-847.55,296.6
293.08,-1140.62,243.64
760.65,-933.88,412.01
676.51,-1275.62,119.97
835.74,-989.88,524.16
322.32,-727.45,542.46
579.76,-648.66,360.17
282.97,-783.79,474.4
476.94,-873.08,366.67
528.07,-763.54,453.31
476.66,-777.45,452.87
572.81,-718.89,458.27
396.53,-759.31,410.71
562.88,-743.82,386.61
488.84,-741.52,390.37
530.8,-737.89,399.5
514.05,-719.23,410.85
482.78,-731.27,423.9
496.73,-751.33,433.33
474.11,-744.16,485.1
504.06,-750.03,485.27
528.74,-733.6,498.82
460.58,-744.92,508.04
486.84,-752.36,493.98
492.47,-746.13,487.48
502.12,-731.63,456.34
535.01,-720.67,442.53
484.18,-724.77,424.87
539.38,-705.37,399.75
453.94,-735.81,430.25
531.72,-719.55,464.22
464.5,-765.52,428.07
533.5,-737.45,414.83
420.4,-763.36,381.95
490.11,-755.81,394.81
419.14,-774.33,397.36
503.55,-750.57,416.07
472.15,-769.07,440.76
494.05,-729.86,451.3
499.64,-722.71,437.31
457.07,-766.94,465.93
538.3,-704.83,422.53
474.97,-730.83,408.83

 -,-,-
37.26,-571.73,1281.8
91.67,-534.14,1222.38
29.49,-610.02,1166.75
-96.75,-603.08,1115.54
184.35,-522.58,927.09
232.72,-565.19,687.23
218.62,-454.87,772.28
217.37,-466.68,523.11
228.86,-482.83,315.95
375.22,-506.96,177.17
576.64,-612.68,-366.78
451.32,-451.77,-269.49
673.07,-433.46,-568.38
718.6,-423.1,-737.6
912.94,-561.17,-1027.06
885.34,-645.61,-1190.1
1052.67,-751.31,-1159.98
1142.68,-960.09,-1647.72
913.53,-980.29,-1259.67
1449.26,-1260.32,-1888.28
1273.91,-775.36,-1087.56
-567.15,756.2,1365.19
2984.63,3959.33,-1728.48
-2792.15,153.17,642.28
717.14,-73.13,557.84
937.5,-954.25,-259.67
-196.17,-791.33,388.36
694.3,-842.53,304.57
297.46,-1134.64,236.88
756.49,-933.16,414.52
679.66,-1270.84,118.05
836.9,-988.91,525.79
328.03,-726.6,539.73
587.23,-657.27,360.91
280.39,-785.2,471.43
476.99,-872.49,362.84
523.67,-763.71,450.32
482.87,-779.17,449.71
569.62,-722.46,463.48
397.0,-766.83,406.88
561.58,-741.47,380.73
485.23,-743.14,397.77
523.82,-736.14,401.59
512.91,-714.09,408.17
477.52,-723.97,425.68
491.53,-755.72,427.25
465.98,-743.43,484.26
495.68,-748.18,487.71
532.37,-732.39,500.71
454.38,-749.79,508.65
489.97,-751.8,486.81
490.54,-749.18,486.05
496.63,-733.0,456.19
539.21,-714.93,450.84
488.34,-723.43,431.61
532.71,-699.36,403.12
457.79,-734.56,423.04
533.93,-713.42,466.22
462.83,-767.1,419.82
532.55,-734.82,423.16
420.69,-758.8,378.84
495.99,-756.84,398.65
419.82,-782.79,394.84
506.42,-747.58,412.02
473.73,-770.86,440.68
495.57,-731.63,456.47
502.94,-729.06,438.32
465.55,-757.13,458.41
535.97,-704.36,425.21
468.76,-732.87,411.04

