-,-,-
-501.71,-587.77,897.22
-253.66,-617.92,926.03
-246.95,-670.17,1035.77
-291.87,-701.17,1071.78
-90.45,-698.36,950.20
-121.95,-678.96,912.48
98.27,-698.24,768.43
306.88,-797.12,609.62
429.69,-975.83,278.56
1025.63,-1269.53,-342.53
1526.86,-1563.11,-1495.12
1790.65,-1962.28,-3134.40
809.08,-1858.15,-1974.24
278.32,-459.96,-446.53
-1006.10,1540.41,-2997.31
-3859.25,3196.90,-539.06
1684.08,-913.82,-594.12
-637.70,-358.40,777.47
1271.24,-679.32,435.67
369.51,-613.77,823.97
-34.79,-916.50,781.62
286.01,-692.75,779.91
82.03,-548.71,760.38
74.22,-677.12,661.38
39.79,-723.27,574.22
-10.50,-839.11,417.48
-875.12,-606.08,89.48
690.67,-840.70,341.19
50.66,-242.55,342.16
187.13,-661.50,327.51
437.87,-501.59,440.43
509.03,-606.69,441.89
390.99,-741.82,564.58
210.21,-665.41,704.10
356.32,-724.61,813.11
521.97,-555.66,920.90
253.05,-625.73,834.47
7.32,-565.80,927.25
139.53,-617.07,925.29
58.84,-576.17,938.23
43.95,-505.25,986.08
150.02,-566.65,931.27
-114.99,-419.92,983.28
-180.79,-471.80,970.21
-181.27,-488.77,943.48
-142.09,-482.30,942.14
-187.99,-497.80,906.74
-136.35,-467.41,922.24
-103.52,-450.20,920.41
-167.85,-500.24,912.23
-154.66,-537.23,907.84
-156.98,-499.39,854.98
-184.20,-425.54,850.71
-150.27,-466.19,889.40
-136.84,-457.89,859.62
-167.72,-418.46,880.25
-189.09,-396.97,921.87
-112.92,-420.04,896.61
-160.03,-419.07,867.92
-157.59,-420.17,890.26
-170.53,-418.21,908.33
-150.51,-420.53,898.80
-200.20,-399.66,840.58
-63.60,-371.95,859.74
-159.18,-366.09,853.76
-145.51,-363.53,853.76
-167.60,-356.20,873.05
-181.27,-343.26,892.46
-167.60,-361.33,894.53
-202.03,-329.35,870.24

 -,-,-
-501.71,-587.77,897.22
-253.66,-617.92,926.03
-246.95,-670.17,1035.77
-291.87,-701.17,1071.78
-90.45,-698.36,950.20
-121.95,-678.96,912.48
98.27,-698.24,768.43
306.88,-797.12,609.62
429.69,-975.83,278.56
1025.63,-1269.53,-342.53
1526.86,-1563.11,-1495.12
1790.65,-1962.28,-3134.40
809.08,-1858.15,-1974.24
278.32,-459.96,-446.53
-1006.10,1540.41,-2997.31
-3859.25,3196.90,-539.06
1684.08,-913.82,-594.12
-637.70,-358.40,777.47
1271.24,-679.32,435.67
369.51,-613.77,823.97
-34.79,-916.50,781.62
286.01,-692.75,779.91
82.03,-548.71,760.38
74.22,-677.12,661.38
39.79,-723.27,574.22
-10.50,-839.11,417.48
-875.12,-606.08,89.48
690.67,-840.70,341.19
50.66,-242.55,342.16
187.13,-661.50,327.51
437.87,-501.59,440.43
509.03,-606.69,441.89
390.99,-741.82,564.58
210.21,-665.41,704.10
356.32,-724.61,813.11
521.97,-555.66,920.90
253.05,-625.73,834.47
7.32,-565.80,927.25
139.53,-617.07,925.29
58.84,-576.17,938.23
43.95,-505.25,986.08
150.02,-566.65,931.27
-114.99,-419.92,983.28
-180.79,-471.80,970.21
-181.27,-488.77,943.48
-142.09,-482.30,942.14
-187.99,-497.80,906.74
-136.35,-467.41,922.24
-103.52,-450.20,920.41
-167.85,-500.24,912.23
-154.66,-537.23,907.84
-156.98,-499.39,854.98
-184.20,-425.54,850.71
-150.27,-466.19,889.40
-136.84,-457.89,859.62
-167.72,-418.46,880.25
-189.09,-396.97,921.87
-112.92,-420.04,896.61
-160.03,-419.07,867.92
-157.59,-420.17,890.26
-170.53,-418.21,908.33
-150.51,-420.53,898.80
-200.20,-399.66,840.58
-63.60,-371.95,859.74
-159.18,-366.09,853.76
-145.51,-363.53,853.76
-167.60,-356.20,873.05
-181.27,-343.26,892.46
-167.60,-361.33,894.53
-202.03,-329.35,870.24


 -,-,-
-542.72,-579.96,632.20
-124.88,-653.93,544.07
-841.43,-799.93,1400.51
-1014.89,-1060.67,1245.97
-250.61,-738.16,1168.95
-285.52,-701.17,1020.63
46.51,-653.93,818.48
490.36,-705.20,522.71
772.58,-853.88,267.09
943.85,-998.17,-247.31
1044.07,-1171.75,-668.82
1514.77,-1328.25,-2141.11
1506.23,-1690.80,-3087.89
900.27,-1704.47,-1905.27
-796.63,-458.25,-296.75
-3823.12,2261.35,-3999.51
-681.52,2206.18,-630.62
1215.58,-23.07,-330.69
-302.98,-573.36,527.83
1182.62,-1186.40,187.99
921.87,-537.96,543.70
396.85,-726.20,558.72
185.06,-680.05,599.73
433.11,-658.94,654.54
430.05,-465.82,738.65
325.81,-454.47,733.76
348.27,-394.78,637.94
351.20,-336.79,675.54
299.68,-316.65,626.95
-457.15,-429.44,430.05
782.47,-429.81,602.42
23.68,100.10,640.01
146.48,-361.33,829.71
27.71,-461.06,835.08
148.07,-283.45,1068.97
-71.04,-502.32,1130.25
-196.66,-489.14,1166.50
98.51,-443.73,1208.86
37.48,-491.21,1104.13
-4.88,-453.49,1147.83
-132.32,-433.23,1092.16
-166.63,-442.50,1047.73
-188.60,-433.47,1044.19
-258.30,-366.33,1037.60
-312.38,-317.02,948.12
-318.24,-335.33,934.08
-384.28,-301.39,891.24
-246.22,-352.66,881.23
-293.70,-352.05,849.61
-336.79,-360.35,901.98
-425.66,-316.89,911.01
-320.80,-397.34,875.00
-274.41,-334.72,974.24
-278.08,-350.71,938.60
-343.14,-351.20,860.35
-265.99,-338.75,863.40
-264.53,-354.25,825.81
-220.70,-304.81,805.91
-241.70,-311.16,850.46
-240.72,-325.20,837.65
-257.45,-323.49,848.88
-294.43,-313.60,877.56
-282.35,-303.10,915.77
-273.68,-298.71,935.67
-249.63,-287.23,944.34
-393.19,-335.82,946.66
-387.82,-307.25,941.77
-398.32,-301.51,918.33
-411.87,-286.25,909.30
-432.25,-269.90,899.78

 -,-,-
-214.72,-532.10,954.35
-559.20,-607.79,848.75
-273.80,-529.91,814.58
-207.03,-637.94,786.01
-307.74,-807.74,1134.03
-136.23,-863.89,965.09
67.14,-753.54,779.54
260.38,-788.70,528.20
473.02,-943.85,299.32
747.19,-991.46,-31.25
1042.72,-1129.15,-790.77
1253.54,-1458.74,-1810.06
1827.88,-1596.56,-3423.95
977.54,-1818.60,-1458.25
-1032.96,-743.65,-720.95
-3999.51,3999.51,-3561.04
82.64,-643.43,-1452.03
-281.62,676.15,1191.89
2036.74,-1571.04,-357.67
752.93,-600.46,323.36
564.33,-577.39,583.86
412.60,-692.50,372.19
160.28,-595.34,470.46
288.82,-465.45,561.52
390.38,-448.73,577.27
234.74,-382.32,487.55
232.06,-435.30,553.10
177.86,-500.12,582.40
1.46,-644.04,674.68
214.60,-433.23,730.22
-40.41,-747.19,735.96
807.13,-926.39,728.27
432.37,-989.01,913.70
-281.49,-405.88,936.65
-42.97,-753.54,1006.47
9.03,-594.48,979.74
178.47,-684.94,1039.67
-193.60,-466.80,1055.91
-242.68,-559.45,1000.61
-201.66,-558.35,968.51
-237.30,-478.76,934.81
-244.02,-538.33,917.72
-296.51,-523.32,886.23
-307.37,-442.87,897.83
-294.92,-389.89,893.68
-235.60,-438.23,861.82
-323.97,-346.80,827.15
-338.62,-435.30,826.29
-319.70,-476.81,821.17
-315.67,-479.49,906.86
-332.52,-471.31,942.99
-383.54,-442.14,939.45
-303.83,-349.00,958.25
-256.84,-371.95,900.88
-234.62,-381.10,862.06
-263.18,-346.07,883.67
-310.42,-383.18,852.78
-311.65,-364.99,844.24
-310.06,-384.16,848.75
-285.77,-346.80,868.41
-299.19,-362.92,861.57
-310.79,-342.90,890.50
-293.09,-344.60,882.20
-319.70,-360.60,917.36
-296.75,-372.44,880.00
-302.12,-355.35,881.96
-356.81,-341.43,885.62
-348.63,-322.51,880.98
-321.66,-327.51,895.39
-343.87,-318.97,922.97

 -,-,-
-50.42,-92.04,1015.14
-149.41,-564.33,614.38
-311.89,-687.62,510.25
-473.88,-757.81,841.55
-388.43,-766.97,801.39
-434.69,-836.55,942.14
-339.48,-784.79,889.89
-260.62,-770.14,816.53
-64.45,-729.98,679.81
310.79,-753.42,529.05
509.52,-859.62,313.48
844.60,-1026.73,-120.97
977.42,-1237.43,-627.20
1758.30,-1516.48,-2455.20
1589.11,-1866.82,-2849.37
823.12,-1453.25,-1696.04
-1187.99,395.02,31.13
-1579.35,3999.51,1193.24
-1203.49,-440.92,-141.60
741.94,-257.93,-267.82
1251.95,-1109.74,226.68
772.09,-311.65,477.05
408.45,-546.02,451.17
364.01,-487.92,658.57
192.14,-269.17,763.06
355.10,-318.60,662.60
380.62,-334.96,632.20
316.77,-352.91,703.74
443.36,-486.08,635.13
253.42,-278.32,713.26
-263.43,-123.78,686.52
1040.41,-397.46,712.52
393.68,-187.01,806.76
16.85,-222.66,945.19
237.30,-363.04,1046.63
265.75,-266.36,1037.48
209.23,-199.58,1084.23
531.74,-411.25,1087.28
268.19,-266.85,1133.18
169.43,-297.12,1134.52
156.98,-351.68,1170.90
172.49,-295.65,1149.17
102.05,-292.11,1108.28
15.99,-320.92,1126.83
-33.33,-284.55,1069.46
-76.90,-265.14,1006.96
-119.75,-323.24,975.46
-65.67,-308.72,954.47
-15.87,-354.98,914.92
-31.01,-339.60,937.50
-101.81,-366.82,949.58
-150.15,-333.74,863.28
-147.83,-320.68,827.27
-223.27,-316.41,853.27
-222.29,-357.54,892.70
-167.97,-352.05,927.86
-29.42,-333.74,1014.40
-139.89,-304.57,1051.15
-183.72,-307.74,1021.97
-183.35,-322.02,1004.88
-200.07,-325.68,977.29
-200.56,-310.30,922.49
-229.98,-305.91,910.64
-241.46,-336.18,877.93
-250.98,-336.06,882.93
-250.98,-314.70,890.62
-230.47,-337.40,890.38
-248.90,-336.91,911.25
-242.55,-343.63,911.87
-250.37,-339.72,924.32