 -,-,-
-405.15,-573.49,1536.13
-363.04,-575.2,1417.85
-338.5,-503.05,1304.81
-286.87,-531.49,1161.5
-95.21,-436.65,975.22
0.37,-387.57,606.57
-38.21,-321.41,249.63
137.7,-300.17,-219.36
153.81,-515.99,-709.96
1054.57,-975.83,-1675.29
1710.45,-2591.67,-2674.44
1331.05,-1874.15,-1100.95
-1158.2,3344.73,-961.3
-1892.46,6.35,99.61
-755.25,-717.16,-418.21
1476.44,-1135.25,436.77
407.23,-893.19,555.3
202.39,-841.06,555.05
116.21,-715.33,640.75
445.68,-804.57,628.17
49.68,-753.3,548.22
138.55,-790.89,570.68
185.79,-743.41,578.49
319.58,-772.83,630.25
63.48,-824.58,579.71
80.08,-818.24,532.23
154.05,-816.04,565.67
150.02,-799.56,533.08
206.18,-763.55,573.0
112.3,-814.09,567.63
108.4,-802.86,543.21
150.02,-800.17,551.64
202.51,-801.64,541.63
104.37,-796.63,552.12
157.84,-797.61,545.17
125.0,-798.1,558.59
127.81,-807.5,540.28
104.37,-801.27,542.72
105.22,-791.14,521.61
110.35,-802.25,536.01
85.08,-800.54,562.26
162.72,-813.11,560.55
109.74,-795.78,561.04
114.99,-813.6,551.15
110.47,-790.04,563.84
132.69,-789.55,544.8
110.35,-803.34,572.75
102.17,-796.14,541.63
114.87,-807.01,549.93
126.34,-800.29,545.65
113.16,-809.57,562.74
94.12,-805.42,542.36
99.37,-803.83,554.81
128.05,-829.22,543.58
101.2,-805.42,563.84
120.48,-800.9,547.49
136.23,-797.36,539.18
119.26,-785.64,562.87
152.71,-783.2,540.16
84.72,-791.14,555.42
149.78,-810.79,552.12
80.81,-821.66,548.58
93.14,-826.42,531.86
84.47,-812.01,537.72
66.53,-800.29,539.79
31.37,-793.95,512.7
96.19,-828.74,522.71
64.7,-807.37,532.23
96.19,-828.74,522.71
64.7,-807.37,532.23

 -,-,-
-405.15,-578.06,1536.03
-366.42,-572.12,1421.5
-333.78,-500.75,1303.2
-289.03,-530.46,1160.92
-99.85,-439.42,972.33
-3.17,-390.02,603.24
-38.56,-322.8,246.22
140.45,-300.18,-215.57
151.34,-511.12,-711.18
1049.93,-979.74,-1676.57
1713.42,-2593.17,-2677.45
1330.42,-1873.3,-1103.72
-1153.6,3347.38,-956.69
-1894.32,5.94,101.7
-758.13,-717.18,-417.84
1477.41,-1137.82,435.23
407.78,-889.4,550.95
203.1,-837.03,556.78
118.7,-711.75,644.43
447.15,-805.92,631.64
46.49,-753.58,550.82
140.2,-793.0,572.63
186.54,-741.25,575.52
316.36,-771.08,632.85
62.52,-825.0,577.31
79.66,-815.51,535.27
158.49,-817.37,563.57
149.95,-802.46,532.33
202.98,-767.63,569.13
111.07,-815.23,569.25
109.58,-797.95,539.52
148.7,-803.64,555.65
199.22,-806.38,541.8
103.77,-798.22,547.37
162.01,-797.99,546.79
127.04,-801.22,554.59
123.25,-807.04,543.05
105.1,-803.31,540.56
102.84,-795.65,521.93
110.05,-797.88,534.21
85.87,-802.95,565.8
165.77,-812.59,563.69
106.8,-797.81,564.52
116.57,-809.48,551.08
106.13,-792.4,563.85
131.23,-791.41,542.69
114.67,-804.39,573.57
103.61,-791.36,540.54
113.7,-806.02,549.16
129.42,-800.1,546.41
111.33,-804.59,561.9
96.14,-810.17,543.06
100.61,-805.81,557.63
125.96,-831.62,542.42
105.22,-804.59,560.78
116.79,-803.68,546.88
134.05,-801.74,541.61
115.23,-787.01,566.69
149.81,-783.86,535.94
84.7,-787.32,554.99
153.62,-811.09,556.92
85.44,-824.48,547.54
92.76,-828.34,533.94
86.17,-808.56,541.62
66.96,-802.83,536.61
31.41,-796.21,512.44
100.24,-825.92,521.65
62.52,-812.0,532.27
96.21,-825.65,519.17
67.42,-812.22,533.78

 -,-,-
-401.66,-576.11,1534.23
-362.96,-571.72,1415.16
-338.8,-499.5,1306.78
-291.77,-531.31,1162.04
-91.54,-431.8,978.26
0.02,-384.04,608.56
-40.47,-323.92,252.02
135.84,-298.48,-215.95
149.73,-517.85,-710.89
1052.98,-977.09,-1674.17
1711.56,-2587.19,-2674.37
1333.66,-1876.08,-1099.14
-1156.03,3343.56,-965.1
-1895.6,4.28,103.32
-756.64,-720.64,-414.42
1478.42,-1138.3,438.63
409.67,-891.47,560.23
205.88,-840.99,553.09
117.34,-715.25,637.18
443.33,-809.52,628.7
50.14,-752.48,544.14
136.84,-791.04,567.86
180.99,-744.66,580.63
317.34,-770.35,634.47
62.82,-825.11,577.35
75.26,-814.9,528.7
158.88,-820.98,563.17
146.65,-798.19,529.24
206.37,-761.7,569.63
112.01,-811.65,569.28
106.01,-804.24,546.64
146.76,-800.84,547.49
198.01,-804.21,537.27
100.04,-800.49,553.73
161.22,-801.16,546.22
129.53,-802.42,559.66
123.75,-804.44,537.83
99.85,-799.68,540.63
108.11,-788.38,522.66
114.7,-804.44,539.29
88.37,-798.97,564.05
164.4,-812.61,564.8
106.47,-794.57,564.46
118.48,-818.4,549.89
108.88,-789.77,559.08
128.37,-789.23,546.83
109.94,-808.06,573.56
97.63,-798.99,543.41
114.46,-811.1,552.6
126.33,-800.3,545.9
110.63,-804.78,558.87
90.24,-808.26,540.6
96.31,-805.24,555.75
127.65,-830.47,542.91
97.93,-805.93,562.21
124.24,-796.01,549.94
136.41,-794.21,537.53
122.38,-781.93,562.92
151.52,-781.61,539.81
85.17,-795.88,556.45
147.5,-811.08,556.45
78.27,-821.25,544.92
93.78,-830.31,528.88
82.16,-810.59,536.73
69.11,-799.52,535.99
26.73,-791.29,510.48
92.02,-826.31,520.48
66.48,-811.39,533.4
92.25,-827.6,520.52
67.99,-804.09,535.64

 -,-,-
-407.36,-578.48,1536.56
-362.36,-575.29,1422.45
-342.29,-503.43,1309.1
-289.98,-535.03,1158.55
-91.35,-435.44,972.6
4.18,-383.43,609.16
-35.21,-323.99,250.22
138.78,-295.9,-218.98
149.5,-516.96,-705.5
1059.25,-978.53,-1673.84
1714.64,-2595.87,-2673.24
1330.54,-1872.66,-1102.21
-1162.55,3343.48,-959.52
-1893.81,3.48,98.1
-750.53,-717.74,-416.74
1474.81,-1135.16,432.53
407.92,-896.43,560.26
199.37,-836.78,554.9
119.18,-714.76,641.99
447.33,-803.44,631.78
49.55,-756.01,551.26
143.07,-789.5,568.13
190.73,-740.75,581.67
318.55,-774.85,625.41
66.42,-823.65,583.59
79.78,-814.71,529.22
149.81,-816.86,566.21
154.13,-798.27,537.54
201.24,-763.98,571.19
113.97,-818.24,568.72
111.89,-805.76,542.43
151.19,-796.94,548.26
200.36,-799.87,543.91
108.78,-797.36,548.95
160.93,-800.54,547.49
122.52,-802.96,561.14
125.29,-802.57,544.57
107.09,-800.28,540.81
108.02,-790.05,525.12
107.86,-804.98,538.67
85.94,-796.24,559.44
162.51,-814.0,555.95
111.07,-791.43,557.81
114.18,-815.27,555.13
111.3,-791.03,563.91
130.61,-788.51,544.67
109.84,-799.87,576.18
105.05,-792.7,546.22
118.3,-808.55,548.83
126.16,-799.71,546.62
108.62,-811.15,567.59
91.94,-802.19,540.02
100.29,-805.49,558.42
127.17,-827.36,542.11
103.87,-806.66,562.83
124.3,-801.31,552.15
132.5,-797.76,543.15
120.05,-790.33,559.52
152.36,-783.9,536.07
89.63,-794.72,557.07
152.59,-815.53,549.65
80.62,-826.01,551.65
88.58,-822.81,528.04
85.57,-807.55,541.37
71.23,-801.46,535.75
30.37,-792.39,512.12
94.4,-828.85,524.57
60.51,-809.38,527.99
98.65,-832.33,520.56
62.25,-809.88,528.85

 -,-,-
-404.97,-575.16,1538.81
-360.0,-578.56,1418.9
-333.5,-505.51,1305.49
-289.03,-529.88,1160.75
-96.17,-433.1,975.39
-3.42,-386.94,607.24
-40.57,-321.99,250.47
140.04,-304.47,-220.13
156.49,-513.51,-712.6
1059.24,-977.32,-1677.84
1707.96,-2595.67,-2670.51
1332.44,-1876.78,-1099.21
-1160.17,3339.81,-962.55
-1893.0,10.77,96.38
-752.33,-718.84,-417.38
1471.82,-1133.44,438.89
411.04,-895.72,558.16
202.75,-838.78,550.1
112.18,-712.47,639.43
441.41,-800.52,623.88
49.58,-752.59,546.86
134.15,-790.22,565.76
184.56,-739.79,581.72
321.14,-776.91,628.07
61.28,-829.23,582.34
82.82,-818.55,528.78
154.62,-816.22,568.94
147.28,-798.27,528.52
205.98,-768.23,573.14
108.0,-817.34,569.23
109.63,-807.69,544.46
147.04,-796.94,547.24
206.35,-801.55,545.16
104.14,-799.97,547.71
157.42,-799.18,541.57
125.73,-802.07,561.05
128.43,-805.17,544.66
100.82,-800.89,545.57
100.67,-792.3,523.03
114.1,-804.78,532.6
83.44,-805.19,566.05
162.63,-812.43,564.31
111.62,-794.25,559.97
116.66,-817.59,553.61
114.83,-785.12,563.66
131.6,-785.04,546.49
112.06,-801.42,569.6
97.86,-793.99,544.3
114.42,-809.29,553.29
128.73,-797.6,541.96
108.49,-810.97,562.7
98.89,-807.12,543.9
99.37,-804.55,553.31
126.38,-833.73,542.52
97.05,-800.59,560.24
122.26,-805.48,545.65
140.33,-793.74,538.05
122.42,-789.21,558.52
152.64,-779.3,544.51
88.03,-787.46,554.17
150.13,-806.36,555.17
76.01,-819.27,551.7
93.11,-823.88,535.75
85.27,-808.9,538.23
61.9,-796.64,535.6
35.28,-791.28,508.39
100.57,-829.03,520.89
66.73,-805.97,535.57
97.7,-833.44,522.62
68.75,-805.5,528.43

 -,-,-
-409.01,-570.73,1533.41
-362.73,-572.74,1415.35
-336.18,-505.8,1307.77
-289.26,-531.53,1159.59
-91.85,-434.8,972.55
3.54,-385.54,603.91
-38.63,-322.07,246.91
136.62,-300.71,-224.16
155.54,-511.91,-708.22
1051.41,-977.53,-1670.59
1714.29,-2591.32,-2673.0
1334.88,-1878.74,-1096.46
-1156.2,3349.56,-966.19
-1891.23,10.09,100.76
-758.07,-714.05,-413.65
1475.38,-1133.37,435.0
411.0,-891.47,550.56
207.37,-838.44,550.29
113.12,-712.8,638.98
445.34,-801.55,628.96
50.17,-750.26,553.14
141.72,-792.03,573.33
189.52,-742.69,578.85
321.29,-771.75,625.75
67.45,-826.19,580.36
78.01,-821.01,532.48
150.46,-815.71,563.82
153.6,-797.65,531.04
209.58,-767.76,573.67
109.33,-815.62,569.97
110.08,-801.44,540.77
148.56,-798.24,553.7
204.63,-804.61,542.79
101.79,-792.92,550.21
156.07,-802.53,542.27
124.36,-800.97,561.82
127.48,-803.38,540.2
101.63,-805.88,542.79
106.88,-786.81,517.49
110.9,-806.76,538.72
86.13,-796.26,560.99
166.35,-817.75,564.8
107.47,-795.61,556.9
117.36,-809.85,546.36
112.85,-786.53,558.99
129.37,-792.88,546.44
107.62,-800.24,574.19
104.97,-795.41,539.66
113.77,-811.55,548.57
128.77,-799.48,546.39
108.8,-805.94,566.08
96.8,-805.38,538.11
100.08,-801.65,551.87
128.79,-833.22,545.23
104.6,-806.35,565.65
123.33,-797.74,543.12
138.62,-795.11,541.59
114.93,-782.36,558.68
157.4,-779.35,539.21
84.47,-787.68,558.98
152.91,-806.68,556.22
77.23,-819.86,549.25
89.39,-826.2,535.97
81.07,-809.7,540.87
64.47,-797.99,535.41
26.47,-792.07,511.58
91.36,-824.43,524.74
66.0,-809.54,535.76
100.46,-829.94,525.68
63.99,-803.98,534.31

 -,-,-
-101.68,-737.67,1275.15
-77.27,-734.37,1423.46
-136.84,-689.33,1350.59
-96.44,-630.25,1254.03
-114.99,-551.51,1127.2
-31.86,-407.59,848.27
-108.64,-319.09,558.47
-41.87,-245.0,161.38
66.04,-285.03,-319.09
272.09,-333.01,-814.7
1082.89,-1686.4,-2583.37
1781.25,-3205.2,-2503.17
28.08,-1848.27,-769.65
2151.86,3999.51,-2135.86
-1717.53,-2306.64,-1720.21
-880.74,-1358.28,-548.83
-115.84,-551.27,992.43
34.06,-921.26,696.53
292.97,-724.85,797.0
317.87,-705.44,774.17
-137.45,-739.01,854.61
295.65,-769.29,702.27
-21.24,-770.02,647.95
37.35,-745.0,651.37
30.27,-1320.07,578.12
278.08,-1196.66,575.56
53.22,-713.99,588.26
93.87,-766.72,587.4
254.52,-828.74,599.0
49.8,-719.24,607.06
106.93,-751.83,600.95
129.64,-764.65,611.21
79.59,-747.8,608.03
133.42,-750.37,628.78
159.06,-742.43,623.66
63.6,-742.55,611.69
172.73,-749.02,642.82
96.19,-729.13,641.48
127.32,-708.86,614.5
118.41,-742.07,723.63
108.89,-741.46,642.58
118.29,-734.5,645.63
110.6,-754.15,628.42
108.64,-740.97,614.75
115.6,-750.61,625.61
111.33,-747.19,622.68
113.16,-741.09,643.43
53.59,-742.68,648.44
101.81,-754.76,609.74
75.93,-754.76,644.9
154.3,-755.49,634.03
86.3,-746.7,646.0
83.86,-739.38,644.65
103.52,-739.01,614.14
116.7,-777.47,618.16
151.73,-777.59,577.27
147.83,-748.66,611.82
121.83,-755.37,593.02
156.13,-744.51,561.89
82.89,-757.69,585.08
174.56,-761.47,581.18
110.6,-749.02,623.41
183.59,-761.96,609.13
139.04,-771.0,609.74
125.61,-763.43,612.92
142.21,-740.6,591.55
74.34,-758.67,568.97
175.9,-781.37,547.0
168.58,-759.52,600.34
194.58,-755.25,602.91

 -,-,-
-100.38,-741.47,1279.73
-72.83,-730.76,1425.0
-132.74,-689.97,1348.8
-95.98,-626.5,1250.98
-112.32,-549.12,1125.62
-27.65,-412.3,850.6
-108.61,-320.78,561.72
-41.77,-246.36,160.98
68.81,-284.68,-323.63
274.48,-332.02,-812.41
1082.5,-1684.61,-2580.0
1776.92,-3205.39,-2506.43
24.4,-1850.43,-767.09
2154.11,4000.46,-2140.06
-1722.16,-2304.84,-1724.13
-884.49,-1360.36,-548.04
-114.41,-550.53,991.3
38.43,-920.95,694.67
290.88,-725.12,795.43
322.78,-707.53,773.48
-135.72,-740.43,851.38
299.44,-771.82,706.56
-19.85,-767.59,645.17
34.98,-749.45,652.19
33.44,-1322.7,578.72
278.26,-1196.48,571.01
56.68,-710.43,584.7
93.99,-766.42,585.77
249.97,-827.41,599.6
46.16,-720.63,609.03
105.76,-750.16,596.48
129.55,-765.44,613.4
77.33,-751.11,606.97
129.87,-748.27,627.36
159.78,-741.66,627.93
61.8,-743.04,612.39
172.47,-753.18,644.0
100.74,-724.96,637.36
122.5,-705.38,619.3
122.44,-745.84,726.29
105.84,-746.42,638.78
116.15,-733.16,644.23
113.37,-749.6,628.79
105.02,-738.11,619.08
114.33,-753.9,624.1
110.62,-743.3,623.45
116.41,-739.36,639.21
53.66,-741.22,651.88
105.84,-751.68,612.0
78.51,-752.59,644.7
153.51,-752.45,637.19
84.08,-743.85,649.25
86.78,-737.32,642.09
104.23,-741.98,616.62
115.19,-775.02,622.56
149.44,-778.7,574.78
152.38,-753.61,612.71
117.18,-755.65,593.29
154.18,-749.0,562.26
82.79,-756.39,587.03
170.94,-763.2,576.88
111.03,-744.33,621.95
187.24,-764.97,608.02
136.73,-773.65,610.26
128.33,-758.6,615.57
139.0,-742.91,594.29
74.54,-763.03,572.62
179.48,-784.71,549.02
172.16,-757.01,599.4
194.98,-759.25,602.5

 -,-,-
-101.59,-738.09,1276.11
-80.75,-735.55,1422.57
-140.36,-689.97,1350.55
-95.76,-627.97,1250.61
-113.97,-552.44,1127.57
-30.98,-403.05,849.19
-112.18,-315.31,553.71
-39.58,-245.38,157.26
61.37,-287.96,-320.83
269.49,-329.01,-813.17
1079.17,-1685.67,-2584.63
1784.61,-3201.15,-2507.4
30.89,-1846.32,-769.01
2147.97,4000.19,-2135.8
-1716.24,-2307.39,-1720.75
-882.53,-1360.12,-547.5
-119.14,-552.31,993.7
38.23,-920.41,697.07
296.03,-726.79,795.53
316.48,-702.87,769.75
-137.01,-737.72,853.89
297.08,-766.18,701.89
-20.83,-766.47,646.89
38.93,-743.49,655.86
25.91,-1318.54,582.23
281.21,-1197.81,574.2
48.75,-712.31,591.63
96.77,-770.26,590.56
258.41,-832.3,599.2
54.35,-715.42,605.33
103.47,-747.59,600.04
134.18,-763.84,613.53
83.49,-747.51,604.44
137.93,-745.91,629.09
161.02,-743.33,620.43
64.38,-742.47,606.87
177.6,-753.31,645.82
94.7,-730.16,637.12
124.02,-708.55,613.43
116.92,-745.88,720.93
104.1,-742.32,639.92
118.21,-733.18,645.66
114.73,-757.64,629.09
110.67,-740.96,611.0
113.57,-747.78,626.76
113.78,-747.97,626.36
114.75,-742.7,644.56
51.9,-741.82,646.35
102.44,-752.93,606.17
76.47,-750.24,645.99
151.47,-756.85,631.5
83.06,-744.96,642.21
80.37,-740.35,642.07
106.75,-742.72,618.87
112.24,-772.92,621.41
154.42,-772.93,577.8
148.01,-747.79,607.48
119.31,-756.37,588.14
158.4,-746.33,566.16
86.43,-754.32,587.03
176.48,-759.69,585.67
108.71,-745.11,625.74
181.74,-761.14,607.31
136.4,-767.3,611.27
126.66,-761.29,616.52
140.22,-743.33,592.21
76.87,-755.38,570.12
171.19,-780.15,549.64
170.8,-763.43,602.18
195.58,-757.55,607.74

 -,-,-
-97.39,-737.7,1273.63
-78.28,-731.45,1425.34
-137.16,-693.92,1353.65
-100.7,-629.38,1254.07
-111.69,-546.52,1123.48
-27.11,-406.62,851.61
-110.82,-318.04,557.9
-46.13,-242.95,161.54
62.16,-284.88,-316.57
272.49,-335.53,-815.41
1082.61,-1690.82,-2584.81
1782.7,-3202.83,-2505.45
25.63,-1846.82,-769.36
2154.84,3995.44,-2134.93
-1719.5,-2303.28,-1720.52
-879.09,-1356.96,-544.32
-115.1,-555.06,996.37
29.72,-924.91,697.94
292.23,-724.28,796.41
316.58,-707.08,774.26
-141.03,-740.19,854.92
300.42,-764.54,706.12
-16.29,-770.87,645.69
41.64,-748.23,654.24
30.17,-1316.77,579.14
278.63,-1201.25,574.86
51.95,-714.68,587.53
92.74,-765.08,589.92
256.69,-827.23,600.43
47.7,-723.65,610.4
102.02,-749.83,601.62
133.49,-767.83,615.42
76.07,-745.13,604.26
137.12,-753.2,625.94
164.06,-746.52,622.58
58.75,-741.14,616.58
171.02,-747.71,644.3
95.44,-731.96,646.18
129.85,-710.14,618.6
118.05,-741.66,723.91
111.83,-745.39,639.63
114.89,-731.28,648.19
112.45,-749.49,627.43
113.48,-738.22,611.42
114.85,-749.59,627.38
115.35,-746.71,621.17
117.5,-736.2,643.42
54.05,-746.02,647.98
101.53,-750.04,614.05
79.01,-750.79,644.94
155.07,-755.66,637.96
85.36,-743.73,648.97
84.92,-743.99,648.37
106.79,-738.28,612.29
121.26,-778.62,617.41
151.53,-773.34,574.22
143.08,-743.78,610.96
123.22,-754.98,596.77
157.86,-742.82,557.93
79.63,-758.34,587.49
173.49,-764.55,576.87
115.48,-753.0,625.37
183.36,-759.3,608.97
142.62,-766.02,607.61
128.99,-763.57,612.64
146.97,-739.75,587.86
77.74,-756.15,569.99
171.79,-783.51,547.45
171.46,-756.35,597.16
193.2,-751.18,607.79

 -,-,-
-99.14,-736.92,1270.28
-79.58,-737.32,1427.71
-140.25,-690.21,1346.48
-99.27,-631.88,1257.28
-116.3,-549.29,1123.48
-31.84,-406.96,844.73
-110.21,-318.68,561.76
-38.53,-246.01,165.99
65.28,-289.56,-315.0
268.93,-333.03,-810.48
1084.94,-1689.27,-2579.92
1782.67,-3206.14,-2507.88
26.93,-1845.14,-764.85
2152.34,4000.41,-2134.27
-1722.04,-2310.55,-1717.35
-883.23,-1361.25,-549.79
-111.79,-552.64,988.13
33.28,-924.13,693.85
290.27,-722.08,800.32
314.03,-701.86,773.75
-139.49,-738.03,851.29
296.32,-766.77,705.59
-23.99,-766.31,649.38
39.64,-742.09,653.04
33.8,-1323.15,580.78
276.3,-1196.58,578.96
49.94,-717.04,585.4
93.7,-765.4,591.64
250.02,-826.81,603.21
50.73,-723.63,609.92
104.28,-749.63,597.93
130.61,-762.36,609.34
80.83,-750.47,603.47
136.71,-752.21,627.76
156.04,-745.12,624.85
60.23,-744.69,611.2
174.5,-751.04,638.32
97.99,-731.92,642.84
131.46,-705.92,612.57
115.8,-737.79,725.7
105.56,-743.89,647.28
122.98,-729.96,644.31
113.18,-753.95,629.96
107.47,-742.42,619.11
111.81,-753.31,626.96
111.06,-748.25,618.37
110.79,-740.72,646.81
51.9,-740.28,646.27
101.12,-750.93,605.17
75.82,-752.79,648.83
150.83,-753.6,636.39
88.15,-751.46,642.88
80.4,-743.58,643.97
106.29,-738.92,612.41
117.2,-775.88,619.08
151.53,-780.94,580.19
148.02,-748.81,614.55
122.01,-760.0,588.55
154.75,-742.08,565.17
86.81,-754.93,586.01
175.22,-764.97,584.75
111.49,-749.05,621.09
183.46,-763.53,609.16
139.29,-773.95,614.66
126.08,-768.08,615.36
146.29,-738.68,593.7
74.39,-755.53,568.99
174.82,-777.0,551.18
168.98,-760.73,600.96
198.26,-755.24,599.76

 -,-,-
-97.58,-737.24,1275.2
-77.11,-735.43,1422.61
-134.36,-689.66,1346.14
-93.61,-633.23,1258.25
-114.5,-552.0,1129.59
-33.7,-403.15,852.61
-105.54,-317.06,559.6
-40.7,-241.37,157.52
69.73,-287.32,-314.45
268.01,-336.63,-818.96
1079.46,-1689.64,-2583.96
1777.85,-3207.41,-2501.35
24.54,-1851.39,-772.67
2156.67,3999.07,-2134.47
-1717.54,-2304.58,-1724.22
-877.43,-1355.95,-545.82
-117.75,-550.28,996.35
33.33,-922.77,692.79
294.07,-723.7,793.34
313.69,-709.92,777.97
-139.29,-737.89,852.83
298.19,-768.57,700.86
-25.47,-770.43,649.92
32.68,-741.85,654.78
27.51,-1316.78,574.85
275.54,-1199.68,579.89
57.44,-709.8,584.54
90.09,-766.62,588.6
258.62,-826.17,596.77
50.67,-718.26,604.44
110.7,-754.61,601.24
132.84,-768.93,611.46
76.41,-746.44,605.0
136.83,-746.76,624.4
163.67,-745.33,620.89
60.25,-741.21,613.91
174.48,-747.6,645.45
91.77,-725.61,637.53
124.47,-709.59,618.69
118.83,-742.15,725.82
112.22,-743.35,646.62
116.88,-730.63,642.33
111.82,-755.72,630.77
103.92,-739.33,615.42
112.95,-747.37,629.36
115.3,-749.46,626.53
109.4,-743.55,639.36
54.03,-745.18,644.3
102.91,-753.61,609.02
72.21,-756.84,644.01
154.8,-759.56,634.52
84.79,-747.56,650.36
87.8,-735.6,642.6
104.55,-743.49,617.34
119.69,-779.07,615.4
148.56,-777.27,577.91
147.55,-750.21,609.96
122.35,-753.71,596.48
153.47,-741.63,566.85
81.51,-755.96,583.67
171.52,-760.41,578.49
114.85,-748.38,620.54
179.09,-763.67,611.98
143.35,-772.52,608.13
122.72,-764.86,608.15
147.01,-740.26,592.65
71.56,-761.9,569.71
176.7,-779.48,549.58
168.35,-760.69,597.15
193.25,-757.04,606.93

 -,-,-
-39.79,-629.76,1492.19
-147.83,-755.62,1360.84
-121.34,-735.84,1529.3
-141.11,-737.79,1346.8
-263.79,-631.1,1285.89
-29.05,-480.96,1104.25
-84.23,-452.15,761.35
-211.06,-276.12,545.04
-4.52,-177.12,30.76
51.27,-318.73,-504.88
899.66,-1079.1,-1941.53
1943.24,-2816.41,-2786.99
263.18,-2160.16,-1319.95
1779.17,3633.06,-2616.21
-924.93,-844.48,475.46
2752.69,-792.6,-791.38
503.3,-522.83,709.47
703.61,-1003.05,391.97
599.98,-761.23,502.93
329.1,-628.05,727.54
436.52,-791.26,750.61
473.14,-630.37,650.39
450.68,-759.77,620.24
295.04,-768.92,596.44
483.4,-670.9,567.14
866.33,-1175.78,492.07
64.45,-464.48,556.64
190.8,-854.37,549.44
339.48,-902.59,517.58
172.85,-743.16,553.59
180.42,-743.04,535.4
252.08,-784.18,549.8
196.9,-773.32,562.62
316.41,-775.88,578.86
183.23,-758.3,576.17
295.65,-755.49,557.5
282.84,-768.07,577.51
234.01,-746.22,549.07
265.5,-765.99,548.22
218.63,-732.18,552.73
239.5,-750.61,585.21
267.46,-765.62,575.81
196.66,-743.41,591.31
252.32,-759.16,567.87
227.91,-746.83,558.59
215.45,-756.71,574.58
268.31,-730.1,550.05
209.72,-750.12,586.79
269.78,-755.49,574.46
228.76,-748.66,632.2
203.61,-733.4,674.93
218.38,-731.45,686.28
220.95,-726.93,684.81
191.77,-720.83,675.66
220.09,-715.58,674.07
232.42,-700.68,668.33
171.75,-705.69,681.27
233.4,-704.47,682.37
198.85,-718.51,677.86
208.5,-714.97,685.42
238.77,-727.42,632.32
198.85,-744.14,621.46
234.25,-708.74,598.14
216.55,-730.71,564.58
177.0,-729.98,546.26
217.53,-689.94,559.81
164.06,-755.37,620.12
156.49,-736.82,684.69
53.71,-636.11,639.16
381.96,-718.75,712.89

 -,-,-
-42.98,-628.28,1488.93
-144.33,-750.78,1360.22
-125.68,-732.64,1527.96
-138.05,-742.25,1344.26
-261.31,-632.5,1282.68
-33.99,-483.85,1104.46
-79.76,-450.08,763.17
-208.44,-278.59,543.23
0.13,-176.65,32.04
53.34,-318.51,-501.49
901.13,-1074.28,-1937.72
1940.24,-2817.1,-2788.85
264.32,-2163.57,-1319.66
1776.63,3635.41,-2620.63
-923.46,-846.13,473.94
2748.54,-790.08,-792.42
500.53,-527.08,704.9
703.44,-1006.91,394.62
604.33,-760.33,497.98
326.03,-623.66,731.62
432.6,-793.02,751.59
476.29,-633.93,654.15
454.66,-761.58,621.49
293.59,-769.34,591.73
488.08,-675.57,567.34
868.48,-1176.08,496.81
64.29,-469.48,552.17
186.24,-855.58,548.61
336.44,-899.12,521.66
171.13,-746.62,551.84
178.67,-746.21,535.04
248.24,-786.69,552.98
199.63,-771.65,559.98
312.11,-778.45,577.26
178.58,-754.59,581.17
296.05,-751.74,559.77
285.87,-770.57,577.25
230.06,-749.86,553.33
264.59,-769.38,549.59
219.8,-735.54,551.89
240.55,-753.15,583.75
269.8,-768.86,577.38
200.47,-740.87,590.15
256.35,-754.86,572.11
229.01,-746.16,557.83
216.24,-760.13,572.68
271.93,-728.41,546.69
212.59,-747.29,584.02
267.3,-760.01,576.78
229.29,-749.13,628.7
199.16,-728.47,675.55
222.11,-733.17,686.13
219.74,-731.93,681.58
190.77,-723.43,673.69
222.4,-712.04,669.8
234.82,-701.21,668.37
171.57,-700.94,681.1
228.76,-704.91,682.6
199.26,-715.99,679.35
209.56,-712.42,690.0
239.9,-729.49,629.08
202.79,-741.7,619.39
232.72,-712.77,593.46
221.11,-727.78,560.78
178.35,-732.28,542.46
214.87,-692.41,559.57
159.09,-757.33,616.51
153.91,-736.93,684.84
58.55,-637.72,641.68
384.4,-715.85,711.99

 -,-,-
-44.55,-624.89,1491.35
-147.4,-755.78,1357.74
-117.66,-732.95,1528.52
-139.41,-738.54,1351.0
-259.99,-634.55,1280.99
-26.82,-482.73,1103.91
-85.57,-455.8,763.99
-208.0,-275.41,542.37
-4.83,-172.97,27.78
46.53,-322.03,-507.23
897.88,-1081.28,-1943.95
1941.84,-2812.67,-2787.85
264.06,-2164.37,-1315.92
1781.57,3631.22,-2613.48
-921.96,-840.62,478.13
2756.73,-795.07,-791.12
504.99,-521.33,713.42
705.3,-1004.49,392.65
601.04,-763.36,503.27
331.96,-628.33,722.64
438.02,-794.04,747.74
473.51,-633.79,654.48
446.83,-756.86,621.42
297.14,-771.3,595.11
485.42,-671.12,569.03
865.71,-1177.8,490.92
65.16,-466.26,551.66
192.61,-850.64,545.38
336.92,-905.3,515.78
171.95,-746.5,552.22
184.41,-745.22,539.38
248.41,-781.35,553.13
192.5,-772.21,560.07
321.12,-771.98,574.22
179.3,-760.61,573.29
299.56,-757.39,555.04
285.21,-769.65,577.78
235.97,-746.02,552.92
267.58,-762.85,548.66
219.39,-736.03,556.17
239.81,-754.41,580.42
263.71,-763.08,578.97
199.13,-744.77,595.71
247.83,-755.66,563.52
223.99,-743.31,555.55
217.69,-752.65,572.41
271.9,-726.4,552.45
206.18,-749.2,590.27
269.54,-754.08,577.44
224.88,-750.52,636.41
204.67,-729.87,676.46
219.79,-730.24,684.2
223.21,-730.21,687.69
193.89,-720.58,678.43
222.99,-710.99,678.88
228.95,-699.91,671.95
167.75,-702.76,679.59
236.69,-708.74,683.71
195.84,-717.16,676.12
212.59,-712.53,687.2
237.12,-730.9,636.19
201.92,-744.33,623.01
233.32,-704.01,599.34
218.53,-731.05,564.59
174.79,-729.32,541.8
221.37,-687.09,561.66
159.76,-752.75,615.7
154.33,-739.55,686.87
49.5,-637.54,634.46
379.67,-716.11,717.58

 -,-,-
-39.2,-634.2,1488.24
-151.13,-752.62,1359.36
-121.07,-731.0,1530.45
-145.12,-737.78,1348.53
-260.41,-635.82,1283.36
-33.16,-485.27,1105.86
-84.52,-447.57,764.82
-211.32,-280.83,550.02
-9.5,-181.4,34.42
53.86,-314.66,-509.4
896.63,-1078.62,-1944.6
1942.97,-2814.45,-2786.57
258.34,-2164.45,-1318.7
1775.28,3631.63,-2614.54
-926.55,-841.38,473.09
2752.59,-795.73,-791.95
503.25,-525.34,710.89
698.62,-1005.45,394.36
599.23,-765.93,498.24
330.66,-624.56,728.16
436.54,-788.79,750.61
470.69,-628.22,653.85
452.19,-760.8,622.36
295.89,-770.92,591.8
479.82,-668.51,570.95
870.69,-1175.98,492.69
63.22,-461.85,560.4
192.53,-855.92,554.01
335.67,-900.34,514.09
174.89,-744.35,554.85
180.1,-744.21,534.13
248.35,-789.0,549.37
199.52,-777.77,557.65
312.58,-777.46,578.71
178.56,-754.67,577.85
290.81,-751.84,557.62
283.87,-772.35,576.37
229.76,-745.27,546.98
268.62,-768.76,549.45
218.33,-732.63,547.75
237.48,-746.28,587.67
264.96,-764.8,580.06
194.57,-747.29,589.58
255.27,-754.34,565.62
225.17,-743.89,560.04
216.06,-759.83,574.69
270.88,-726.57,552.84
205.52,-749.47,584.26
268.99,-756.62,573.82
225.17,-744.81,630.27
204.35,-736.88,673.5
221.71,-734.19,688.16
218.47,-726.4,687.5
193.77,-723.43,678.33
217.49,-716.22,674.5
233.95,-702.71,672.88
167.35,-705.99,679.46
233.81,-700.37,684.58
195.64,-715.0,680.37
209.51,-716.68,689.43
236.13,-725.56,627.58
202.33,-744.72,617.08
232.21,-712.2,600.48
214.59,-730.99,567.01
178.17,-726.19,542.2
212.55,-686.17,561.2
167.38,-758.78,623.46
155.98,-736.38,681.7
49.65,-633.4,639.42
384.78,-715.41,712.81

 -,-,-
-41.12,-631.9,1492.4
-146.5,-755.83,1358.2
-121.97,-735.21,1528.4
-136.46,-737.05,1346.65
-261.12,-630.8,1282.57
-32.46,-476.48,1102.79
-81.48,-453.8,762.49
-209.32,-274.53,548.29
-6.59,-172.74,30.32
48.15,-323.24,-505.62
900.88,-1081.07,-1937.96
1947.64,-2813.21,-2789.7
266.9,-2157.4,-1316.97
1780.67,3630.44,-2617.87
-922.31,-846.4,473.29
2751.63,-791.96,-787.39
504.06,-524.92,714.29
699.94,-1007.13,396.76
601.04,-762.31,498.87
329.26,-631.79,732.11
437.03,-789.62,745.91
468.89,-630.27,647.51
451.33,-754.95,618.03
295.45,-768.43,600.51
485.45,-672.86,565.91
866.5,-1173.47,487.25
66.6,-463.49,558.91
190.58,-849.41,545.12
340.78,-906.13,512.9
169.4,-743.31,550.6
184.74,-746.98,532.18
250.78,-784.73,544.92
197.07,-773.51,563.64
318.63,-778.08,581.26
178.7,-760.94,578.16
294.36,-758.65,556.99
287.79,-764.25,575.03
231.31,-746.57,553.42
263.27,-765.04,543.75
222.49,-727.51,557.23
237.29,-750.19,586.76
268.4,-762.5,575.93
195.03,-744.57,595.68
253.14,-754.59,568.18
224.8,-747.06,560.96
216.79,-755.89,578.6
269.11,-727.82,547.16
207.1,-745.35,582.02
269.16,-759.28,575.22
230.27,-743.82,632.78
203.13,-736.08,674.0
219.07,-732.67,684.11
224.49,-723.28,689.33
187.42,-723.33,674.34
221.59,-714.93,670.51
231.79,-697.98,671.66
171.62,-705.87,682.74
232.83,-700.72,684.59
199.82,-717.88,681.65
207.58,-719.01,685.41
236.31,-723.82,628.57
199.06,-744.03,620.17
237.62,-704.32,594.72
218.13,-734.12,562.91
179.45,-725.52,545.69
216.44,-685.12,561.15
165.41,-756.89,615.7
158.1,-739.05,686.09
51.03,-631.37,636.08
384.52,-716.85,715.19

 -,-,-
-37.89,-633.32,1488.45
-145.43,-756.01,1364.31
-116.8,-736.74,1526.59
-138.36,-732.89,1346.41
-260.17,-635.02,1289.04
-31.77,-477.94,1107.0
-82.28,-450.07,762.52
-207.66,-273.54,547.33
-7.5,-180.64,32.33
52.42,-322.5,-509.31
896.35,-1078.41,-1940.11
1945.18,-2819.23,-2788.05
267.39,-2161.76,-1316.4
1776.88,3628.85,-2620.56
-926.8,-845.27,478.52
2751.67,-792.94,-794.28
503.17,-518.35,710.97
708.59,-999.69,389.96
601.83,-758.87,505.56
332.4,-623.58,726.15
438.54,-794.4,746.14
474.18,-626.23,651.41
450.51,-754.95,619.0
299.35,-768.87,597.08
479.05,-672.21,566.43
861.65,-1172.93,489.96
63.01,-460.15,553.91
189.97,-853.8,554.17
336.16,-898.47,518.33
173.16,-741.3,555.59
176.17,-738.5,535.67
256.53,-786.17,554.79
200.73,-773.55,561.1
320.62,-778.38,579.39
179.22,-761.76,573.66
296.4,-754.89,559.77
278.33,-765.1,580.09
230.03,-750.68,544.85
262.14,-763.44,552.21
216.48,-735.78,556.59
235.86,-746.08,587.6
265.01,-763.76,577.47
192.19,-742.04,592.35
253.78,-755.16,565.88
231.49,-747.62,554.04
214.34,-761.53,572.05
263.77,-730.47,550.22
205.66,-753.4,590.89
274.68,-755.44,570.82
233.34,-751.59,635.63
203.15,-735.99,673.88
219.2,-728.81,683.46
216.13,-727.81,687.34
187.89,-720.67,680.62
220.33,-720.35,675.57
230.25,-699.37,666.84
172.41,-707.36,685.76
236.57,-701.37,679.04
195.97,-719.75,673.23
212.3,-719.83,682.45
235.08,-731.37,633.18
200.24,-747.58,625.83
230.58,-703.83,594.3
219.67,-732.97,568.28
180.57,-725.73,549.84
219.23,-686.86,564.28
162.6,-756.34,616.81
151.72,-737.85,688.76
49.31,-634.8,639.6
382.8,-721.29,710.46

 -,-,-
-397.71,-444.95,1427.86
-290.16,-494.75,1527.71
-388.79,-528.44,1438.48
-315.8,-561.04,1360.84
-240.11,-475.1,1162.72
-189.33,-270.51,854.74
-297.97,-208.5,462.16
-40.53,-133.42,-10.5
132.45,-236.08,-505.98
603.39,-886.47,-1346.68
2019.9,-2752.08,-3273.07
972.29,-2042.48,-1455.69
629.27,1425.66,-1538.09
-2592.04,2008.54,530.76
368.53,-944.82,-447.75
554.81,-532.1,934.08
943.97,-839.11,663.33
156.01,-866.46,551.15
169.19,-817.87,678.59
172.0,-763.06,665.04
3.78,-745.97,750.24
99.49,-761.72,667.97
-10.38,-764.28,655.15
100.1,-773.8,725.71
106.08,-641.48,613.16
524.17,-957.76,603.15
-346.8,-651.12,610.35
105.71,-788.21,621.22
74.46,-753.54,618.41
71.17,-764.77,633.06
46.88,-745.0,598.27
77.39,-776.37,587.4
104.86,-773.44,616.58
48.34,-756.1,649.54
61.16,-764.89,645.87
66.89,-755.25,628.3
93.14,-751.71,627.93
50.17,-755.0,618.16
71.66,-757.81,599.0
78.49,-756.1,590.33
144.78,-740.36,590.21
37.6,-748.66,622.07
95.09,-742.8,634.77
87.4,-720.21,656.37
121.46,-739.99,603.64
43.46,-736.69,660.4
135.99,-747.07,626.83
21.0,-748.9,638.06
141.97,-758.18,617.07
31.25,-764.53,655.27
118.16,-713.75,658.08
51.15,-750.37,630.86
85.08,-718.02,625.85
144.78,-723.02,626.22
85.33,-702.64,611.08
104.98,-734.13,625.85
69.21,-748.29,634.77
135.25,-720.58,629.88
159.06,-788.21,643.55
87.16,-728.15,633.18
134.89,-768.19,617.07
163.82,-756.23,615.11
156.74,-767.94,595.09
200.44,-788.45,599.85
180.3,-756.1,614.14
251.83,-714.36,612.06
162.11,-728.88,603.27
180.3,-756.1,614.14
251.83,-714.36,612.06
162.11,-728.88,603.27

 -,-,-
-398.32,-445.2,1424.78
-286.86,-494.72,1530.01
-386.09,-524.4,1439.17
-320.4,-558.69,1365.28
-243.57,-476.53,1157.79
-191.62,-272.51,858.48
-297.68,-208.73,465.33
-44.56,-130.81,-11.29
132.31,-231.47,-508.36
607.7,-885.94,-1348.45
2022.21,-2749.57,-3277.97
969.62,-2038.49,-1451.5
630.76,1424.17,-1537.99
-2596.57,2003.98,532.89
367.88,-944.18,-445.37
555.98,-536.39,935.66
943.17,-842.68,659.68
152.34,-862.73,548.83
172.6,-813.85,679.26
175.88,-761.42,666.46
-1.14,-748.74,745.9
101.13,-759.41,665.34
-6.8,-759.33,659.68
100.87,-773.41,722.58
102.7,-641.28,615.78
521.42,-958.74,603.47
-351.06,-649.35,612.72
103.42,-788.57,620.07
69.63,-757.59,622.57
73.33,-768.73,634.35
46.7,-749.94,601.46
80.08,-773.28,590.88
107.9,-772.0,619.95
53.06,-755.87,648.15
62.88,-763.16,645.86
63.98,-758.23,625.96
94.84,-750.66,628.05
53.24,-753.16,620.17
75.15,-758.65,598.68
73.53,-752.99,594.62
145.29,-740.04,586.09
34.76,-749.06,624.99
92.7,-747.56,638.8
90.52,-716.73,658.1
121.96,-743.31,602.78
47.06,-737.77,664.74
140.73,-749.39,622.45
19.71,-750.09,636.63
138.07,-757.93,618.08
35.77,-760.4,654.44
122.57,-716.53,658.76
48.58,-754.53,627.6
82.83,-714.68,623.12
142.9,-722.81,623.03
85.48,-703.7,606.5
102.39,-734.87,627.07
65.47,-745.35,634.56
138.81,-724.85,627.07
158.52,-791.26,639.65
88.52,-728.83,634.22
136.53,-772.87,612.5
162.26,-752.81,614.13
154.98,-767.77,596.83
202.0,-790.53,598.32
185.16,-753.97,614.93
247.41,-710.86,614.56
159.31,-729.15,600.48
178.27,-755.57,612.59
252.43,-711.01,609.49
159.86,-730.35,601.78

 -,-,-
-394.75,-440.68,1424.11
-287.55,-497.45,1527.09
-384.4,-528.81,1434.51
-316.58,-564.22,1363.41
-242.9,-471.16,1160.56
-186.67,-270.54,851.98
-296.07,-208.0,464.14
-41.29,-130.64,-11.67
129.31,-234.94,-501.84
601.69,-885.39,-1349.47
2017.95,-2756.08,-3276.52
974.42,-2045.29,-1459.5
629.58,1428.37,-1538.02
-2595.71,2005.9,528.12
365.77,-946.73,-451.56
556.65,-533.66,934.73
941.59,-836.7,668.21
158.8,-867.47,546.3
170.82,-814.48,682.34
169.14,-763.04,668.91
0.69,-745.28,750.66
102.68,-764.97,671.65
-10.36,-765.91,655.74
104.26,-773.61,726.52
104.08,-637.59,616.46
520.41,-955.11,603.91
-342.78,-647.53,609.83
106.29,-789.86,623.07
70.08,-757.22,616.11
70.62,-768.78,629.28
43.84,-741.58,595.98
74.5,-777.36,583.98
107.7,-778.18,620.6
47.16,-751.81,653.54
59.25,-761.35,650.48
70.69,-758.16,631.34
91.79,-755.18,630.87
47.97,-750.35,618.14
69.38,-762.69,598.11
76.44,-760.96,590.29
149.16,-737.55,586.82
42.04,-746.52,619.17
96.57,-741.77,634.95
84.01,-717.33,656.94
118.71,-739.21,605.32
48.13,-740.75,660.81
131.4,-751.15,630.55
19.92,-744.72,633.52
146.46,-755.14,613.46
30.09,-761.61,655.82
120.8,-709.09,661.07
54.73,-748.24,626.91
83.86,-714.49,628.07
148.23,-721.03,621.76
85.7,-698.5,611.08
109.7,-736.56,623.34
69.38,-751.19,629.98
131.07,-716.1,628.69
156.31,-789.65,639.24
86.3,-731.86,631.13
137.48,-770.77,615.03
163.35,-757.25,613.0
153.22,-767.33,596.99
203.8,-788.01,597.59
177.96,-753.05,609.41
253.03,-718.79,609.86
159.77,-724.85,607.46
182.84,-753.3,616.48
247.22,-710.16,611.37
157.27,-732.99,598.79

 -,-,-
-395.93,-447.32,1425.18
-286.56,-493.06,1526.67
-386.08,-532.37,1434.11
-314.23,-560.66,1358.02
-241.17,-477.44,1165.17
-186.18,-272.82,854.4
-296.2,-205.71,463.39
-38.26,-133.65,-14.09
131.99,-231.2,-506.77
599.35,-882.18,-1349.52
2019.06,-2752.8,-3276.94
970.78,-2043.17,-1456.59
628.81,1423.11,-1536.86
-2596.29,2011.48,535.36
364.3,-943.92,-446.45
556.2,-533.7,932.51
939.51,-839.41,661.93
156.06,-866.93,550.79
169.7,-815.99,676.82
170.9,-766.78,665.08
2.38,-745.04,754.57
100.26,-763.79,672.44
-11.95,-763.14,658.12
102.41,-772.39,725.87
107.87,-641.73,611.18
522.61,-952.83,600.67
-344.44,-646.15,613.05
108.02,-786.2,621.07
69.8,-755.58,615.75
71.2,-767.43,628.07
44.09,-741.38,600.3
76.06,-775.65,587.06
100.74,-773.19,615.89
49.36,-759.58,652.6
63.69,-769.31,642.77
71.8,-752.65,632.13
88.65,-753.71,625.88
45.23,-751.62,614.65
74.09,-757.8,597.24
75.72,-760.18,588.18
140.84,-736.21,592.11
33.97,-752.95,623.85
95.15,-746.77,634.06
86.05,-717.01,651.82
123.13,-738.49,606.47
41.67,-733.35,657.24
131.77,-743.82,631.57
25.5,-752.6,638.99
143.22,-761.45,618.68
26.51,-765.54,659.43
117.12,-716.88,656.63
47.63,-749.34,630.89
81.37,-721.97,629.61
141.07,-719.41,621.88
81.63,-698.41,609.18
107.37,-730.45,628.42
73.49,-743.61,631.93
131.01,-717.24,632.49
163.4,-790.47,643.29
88.52,-730.34,633.12
137.65,-773.17,620.4
159.27,-755.71,616.72
156.38,-772.7,599.26
195.81,-789.01,598.36
180.35,-752.49,611.66
254.12,-714.6,614.1
162.92,-727.77,599.78
179.88,-761.06,610.57
250.63,-715.46,609.34
165.41,-732.73,599.62

 -,-,-
-395.5,-446.77,1425.42
-287.83,-492.89,1532.14
-386.55,-530.7,1438.72
-320.01,-556.86,1360.69
-235.92,-477.06,1166.48
-193.48,-268.43,850.33
-297.25,-213.09,462.07
-43.5,-131.86,-13.96
128.7,-232.56,-508.82
599.99,-885.72,-1343.36
2018.03,-2749.39,-3269.29
976.86,-2045.42,-1460.59
632.95,1422.72,-1533.42
-2590.35,2007.89,529.04
367.18,-943.26,-452.01
557.86,-530.1,929.81
945.15,-839.71,660.3
156.83,-869.54,549.74
172.27,-815.17,675.47
176.63,-763.98,667.8
2.21,-744.05,748.47
104.22,-757.11,670.29
-10.94,-763.26,658.18
100.53,-772.97,723.87
110.98,-638.26,615.01
519.7,-960.52,606.75
-343.79,-648.52,608.78
100.81,-789.85,618.24
75.69,-752.12,621.68
70.83,-769.74,634.44
49.47,-746.72,595.04
78.0,-775.86,584.0
106.86,-775.17,619.48
45.66,-760.46,652.09
60.22,-763.43,641.5
64.23,-752.03,632.55
96.29,-753.46,629.24
48.34,-755.08,614.96
68.08,-754.34,596.93
80.31,-758.37,591.13
141.98,-739.43,585.4
41.46,-750.8,620.51
93.51,-740.5,638.16
87.07,-722.46,660.33
117.59,-736.01,605.25
45.51,-740.95,656.29
135.04,-743.05,626.14
16.35,-750.46,642.19
142.42,-761.13,615.91
27.82,-767.12,653.83
123.14,-709.0,654.58
50.83,-752.69,634.37
89.76,-719.73,626.25
140.72,-723.97,630.32
89.67,-704.81,613.91
103.7,-729.18,629.58
73.1,-747.84,637.09
137.81,-718.12,625.35
154.7,-788.32,645.15
85.75,-725.12,633.83
138.57,-767.89,621.98
161.7,-756.44,611.1
152.79,-771.9,597.97
203.64,-785.87,604.63
182.01,-753.17,610.12
254.75,-716.93,612.93
160.43,-725.98,601.85
184.27,-754.59,616.34
250.31,-719.07,610.91
166.0,-730.57,604.8

 -,-,-
-394.75,-448.11,1422.98
-293.5,-494.43,1525.61
-391.55,-531.06,1435.09
-320.13,-566.0,1361.97
-238.52,-473.52,1158.34
-189.09,-266.84,856.04
-298.21,-213.5,461.39
-39.93,-130.06,-8.7
128.45,-239.2,-504.99
604.04,-884.09,-1347.33
2020.55,-2755.12,-3269.39
970.34,-2041.35,-1452.87
624.7,1425.66,-1535.47
-2590.14,2008.51,532.53
365.6,-946.91,-450.72
557.85,-529.93,938.43
945.21,-842.83,658.59
157.27,-867.65,550.31
168.69,-813.08,675.85
176.85,-760.25,669.28
3.97,-742.56,749.95
102.57,-764.56,666.64
-11.94,-768.03,650.64
96.22,-773.39,724.88
110.34,-641.68,615.32
522.49,-958.09,601.12
-350.61,-655.36,614.3
110.62,-790.29,623.65
76.1,-750.65,616.02
68.88,-765.99,635.42
42.49,-745.19,600.93
80.98,-776.4,585.65
105.39,-770.1,617.64
48.07,-756.38,651.67
62.46,-767.65,646.11
67.67,-757.76,623.71
94.88,-756.54,632.34
51.81,-755.03,620.65
69.4,-759.49,600.19
78.68,-760.84,590.0
141.32,-741.16,592.45
41.67,-748.77,618.8
99.22,-746.97,630.94
83.21,-717.16,651.46
118.73,-741.06,603.77
43.34,-732.29,661.31
131.24,-746.81,626.63
16.78,-753.42,636.34
145.32,-759.99,616.03
30.24,-763.99,654.37
121.46,-712.12,661.39
53.04,-749.13,632.43
84.73,-718.76,623.64
148.49,-722.87,622.03
81.4,-706.7,609.42
105.77,-737.45,622.59
70.63,-752.32,634.72
133.64,-723.03,632.47
154.47,-786.12,646.88
83.45,-728.37,630.76
133.93,-769.78,619.35
166.21,-758.23,618.21
153.06,-772.08,594.14
202.98,-786.19,604.72
177.08,-751.87,615.87
251.08,-714.81,613.61
157.84,-724.88,598.68
177.59,-752.98,613.04
256.38,-716.94,615.29
161.14,-728.14,607.64

 -,-,-
-185.67,-430.3,1609.38
-517.7,-752.08,1642.09
-142.82,-601.32,1730.1
-236.94,-554.69,1505.98
-309.33,-568.85,1224.49
-376.22,-398.19,1008.91
-137.08,-283.08,710.69
-286.62,-225.59,247.07
18.43,-195.8,-202.76
1060.18,-1242.68,-1916.02
1985.23,-2644.04,-2221.92
1049.32,-2167.36,-1051.64
-343.51,2834.59,-3999.51
102.66,-421.75,-214.23
624.88,76.9,-296.63
-10.86,-235.23,860.96
712.4,-706.91,444.09
298.71,-697.75,647.83
619.51,-962.28,397.46
310.79,-807.62,582.28
321.41,-721.56,706.05
356.81,-794.68,509.4
352.78,-753.66,528.93
113.65,-691.89,553.83
546.51,-1851.2,549.56
499.76,-1217.29,559.81
247.68,-797.85,585.69
292.72,-797.49,577.27
302.86,-773.56,540.28
389.77,-756.71,555.18
140.75,-719.73,562.01
248.54,-751.83,562.01
176.03,-776.37,553.59
248.78,-757.08,560.42
268.8,-746.58,559.45
308.72,-742.8,544.43
259.77,-742.55,578.98
192.63,-740.23,576.78
329.1,-741.94,574.58
242.92,-763.43,576.9
251.22,-760.86,576.17
297.61,-754.52,582.15
179.57,-735.96,595.46
156.86,-786.62,596.68
214.84,-778.32,591.19
146.36,-772.09,596.19
249.51,-782.59,597.66
178.47,-744.02,593.02
180.54,-779.54,588.87
210.69,-762.33,601.56
207.52,-770.39,597.29
217.29,-753.54,600.59
205.44,-778.2,613.53
234.5,-758.67,579.22
203.86,-773.19,594.24
208.86,-764.89,576.54
224.61,-761.35,579.47
204.71,-749.76,567.02
226.93,-789.18,544.43
210.94,-762.21,536.99
237.43,-759.16,537.48
212.89,-733.64,547.24
330.69,-769.65,539.43
182.01,-795.53,590.33
249.15,-772.46,606.69
201.9,-754.88,624.63
210.45,-762.82,625.85
233.76,-767.33,601.93
220.83,-768.68,588.01
196.9,-752.81,580.69

 -,-,-
-188.47,-430.55,1606.81
-514.02,-748.21,1643.49
-141.37,-603.38,1732.88
-237.63,-555.3,1510.01
-313.28,-566.62,1221.86
-379.81,-399.11,1009.92
-133.32,-278.52,707.0
-290.24,-227.64,245.38
17.94,-193.74,-204.52
1059.54,-1243.21,-1913.53
1983.92,-2648.17,-2225.02
1053.93,-2165.12,-1047.26
-340.07,2837.11,-3997.78
103.84,-426.44,-218.46
628.53,80.37,-301.02
-13.82,-235.57,865.68
712.17,-704.95,440.64
295.13,-700.93,647.84
617.06,-966.88,397.74
313.29,-806.87,586.18
318.83,-723.56,710.85
356.15,-796.71,511.69
355.4,-758.23,525.22
109.8,-694.81,557.21
545.58,-1851.26,551.28
495.32,-1221.43,560.5
250.7,-796.35,583.1
292.25,-800.97,577.19
306.84,-775.46,543.66
393.22,-753.07,558.54
137.67,-720.98,560.36
250.86,-748.69,558.95
176.94,-776.18,551.5
251.84,-756.52,564.01
263.9,-746.76,554.93
306.38,-746.73,548.99
261.53,-745.31,578.58
197.14,-744.69,580.52
330.4,-744.43,570.44
241.46,-766.12,576.24
250.03,-764.41,580.33
293.25,-755.25,583.21
183.54,-731.81,590.87
155.42,-789.39,593.17
211.58,-777.4,590.42
144.67,-773.5,592.38
253.97,-781.24,602.1
175.34,-748.95,594.94
185.28,-776.31,583.87
213.06,-766.9,606.34
208.57,-766.32,594.76
215.77,-750.45,596.52
207.88,-776.15,614.36
231.0,-754.51,583.13
202.89,-770.55,596.66
211.9,-764.05,580.25
224.24,-757.51,582.99
208.47,-746.4,562.08
229.58,-793.0,546.67
207.7,-761.13,540.94
233.49,-764.12,539.11
208.96,-734.78,548.69
335.26,-766.11,535.02
184.95,-798.44,593.04
251.49,-773.74,603.58
198.9,-757.18,627.31
207.66,-765.14,630.01
230.65,-769.96,603.76
219.59,-770.42,589.72
197.04,-748.78,582.51

 -,-,-
-186.88,-430.38,1609.31
-518.19,-747.63,1642.63
-138.4,-599.5,1731.3
-235.98,-555.25,1501.99
-306.14,-564.2,1225.94
-379.04,-396.35,1011.7
-132.98,-280.56,710.93
-290.42,-226.25,246.45
18.98,-196.4,-198.5
1062.94,-1237.73,-1919.78
1983.93,-2646.73,-2221.72
1045.02,-2167.25,-1052.81
-344.83,2835.36,-3994.76
99.63,-418.26,-212.54
621.42,72.06,-298.01
-14.12,-238.34,856.4
713.23,-702.68,442.51
302.07,-699.59,643.71
615.11,-962.43,394.26
314.25,-804.54,586.16
321.3,-725.4,709.62
358.46,-796.89,504.53
349.56,-752.37,524.65
109.96,-692.26,557.91
542.76,-1851.15,550.19
496.32,-1221.72,559.92
243.47,-798.88,581.81
288.86,-799.93,578.79
304.16,-772.75,539.71
390.27,-756.95,557.75
137.23,-723.49,562.3
243.93,-750.57,566.98
172.75,-774.31,556.7
247.52,-758.19,561.76
271.92,-750.47,558.6
304.48,-743.76,543.86
260.48,-745.26,577.78
194.26,-741.81,576.71
325.3,-744.39,575.4
244.12,-758.85,575.83
252.59,-757.08,571.98
298.9,-754.62,577.97
182.38,-737.03,599.4
158.51,-781.93,592.33
211.62,-779.34,588.12
143.23,-775.38,594.31
247.1,-784.68,593.75
181.55,-739.4,591.68
181.53,-775.52,589.36
213.11,-761.17,602.84
204.58,-769.35,592.34
220.04,-751.43,600.0
209.72,-782.45,613.84
231.01,-755.24,574.49
204.24,-769.07,595.38
209.9,-763.72,576.14
223.63,-758.74,577.55
204.65,-754.47,570.98
224.44,-793.91,549.35
209.84,-762.1,532.86
239.58,-761.45,534.77
209.87,-730.0,549.73
335.19,-774.03,537.13
183.89,-797.16,588.65
246.61,-774.66,608.41
198.96,-752.67,629.1
206.15,-758.25,622.57
231.14,-764.54,600.44
216.18,-773.46,588.23
195.86,-750.51,582.0

 -,-,-
-185.05,-429.23,1606.27
-516.13,-753.56,1644.36
-140.88,-604.66,1734.42
-239.83,-553.84,1505.56
-307.15,-572.59,1226.71
-376.89,-395.16,1007.9
-134.15,-286.6,708.94
-287.03,-224.67,245.14
14.33,-198.38,-203.94
1059.22,-1246.2,-1911.92
1983.01,-2647.51,-2218.87
1047.29,-2169.43,-1052.36
-346.49,2831.59,-4003.67
102.13,-417.27,-215.4
625.79,72.29,-301.23
-12.4,-236.03,858.69
710.37,-707.47,446.48
299.39,-695.54,644.42
619.16,-963.55,394.06
313.99,-809.98,582.95
325.52,-718.45,709.83
357.98,-791.97,507.42
351.12,-753.02,528.81
116.82,-689.19,554.87
542.0,-1849.32,548.1
502.17,-1217.02,557.97
248.36,-793.62,584.92
288.61,-796.84,575.98
305.49,-768.57,540.71
392.4,-760.21,550.55
139.25,-715.74,561.12
250.77,-747.89,564.08
180.02,-778.89,551.41
252.38,-753.17,564.9
271.15,-747.11,557.73
309.02,-745.16,546.35
263.27,-738.23,582.2
194.56,-742.15,579.14
325.0,-740.99,569.67
245.53,-765.42,574.01
255.94,-759.82,577.1
294.25,-758.4,578.36
175.66,-732.71,597.05
156.21,-785.14,592.68
210.9,-781.04,594.62
148.54,-771.91,593.37
246.41,-781.67,599.74
180.23,-746.47,592.2
177.31,-778.86,587.13
207.43,-763.36,601.73
210.52,-773.2,601.65
213.87,-749.39,603.09
203.11,-779.98,611.68
236.72,-758.4,579.24
204.26,-771.93,597.31
213.32,-767.57,579.57
224.75,-762.47,584.38
200.41,-753.3,569.56
228.57,-785.55,549.4
209.85,-760.75,532.12
240.29,-759.38,535.16
215.56,-737.3,542.39
331.99,-774.49,535.79
181.24,-792.45,590.27
250.94,-773.04,610.53
201.39,-751.91,624.95
213.62,-759.2,628.93
238.48,-769.13,597.67
216.31,-772.17,589.31
197.6,-749.33,584.97

 -,-,-
-189.47,-434.92,1614.15
-513.49,-749.76,1643.31
-147.09,-597.0,1729.18
-236.05,-551.92,1510.86
-306.64,-565.36,1223.83
-377.07,-397.35,1012.96
-139.63,-279.09,710.03
-289.76,-226.82,250.97
22.56,-192.49,-206.98
1058.24,-1241.04,-1912.92
1987.0,-2645.17,-2224.82
1048.73,-2170.1,-1049.06
-342.31,2839.47,-3996.05
99.12,-422.1,-212.37
622.57,80.77,-300.4
-15.57,-233.96,863.46
717.28,-705.91,446.81
303.7,-698.33,647.95
618.8,-957.84,399.82
307.01,-810.85,585.71
321.55,-724.53,703.24
353.62,-794.93,505.94
356.98,-751.05,529.73
108.75,-693.59,556.87
550.51,-1853.28,545.26
503.99,-1221.61,555.98
252.63,-802.49,588.46
296.09,-797.65,580.21
303.35,-774.54,544.35
385.13,-755.3,559.56
144.13,-723.44,564.2
249.48,-756.64,566.8
178.92,-777.74,555.0
244.92,-755.21,563.65
271.71,-747.95,558.6
313.58,-744.71,544.57
261.13,-739.78,575.83
192.39,-742.83,577.03
333.14,-742.58,577.7
238.74,-760.53,575.5
248.38,-763.4,576.29
297.49,-750.54,586.12
178.73,-740.03,599.55
156.11,-788.61,598.7
219.33,-780.52,594.85
150.94,-776.98,598.77
253.59,-784.38,600.4
177.41,-743.48,593.98
179.5,-779.83,591.08
210.39,-757.4,600.44
206.48,-772.54,598.83
214.4,-750.35,604.35
208.86,-781.84,616.45
231.57,-758.29,577.16
208.35,-775.16,591.26
213.09,-769.04,572.06
222.86,-764.78,581.09
207.4,-754.35,564.78
227.19,-792.46,539.49
213.96,-765.89,536.52
241.33,-761.99,535.01
208.52,-736.84,542.27
331.2,-773.09,544.05
185.94,-799.33,590.02
244.55,-772.47,605.9
206.54,-758.88,625.09
207.39,-760.61,627.5
231.01,-768.06,603.09
219.78,-772.68,588.58
197.28,-750.32,584.45

 -,-,-
-187.83,-431.05,1610.93
-518.62,-756.61,1637.99
-139.42,-605.79,1732.7
-236.71,-556.69,1509.11
-308.67,-571.08,1229.14
-371.53,-399.68,1008.6
-132.25,-287.01,709.97
-290.41,-229.48,242.79
22.8,-200.36,-203.18
1061.45,-1241.28,-1914.86
1984.94,-2641.78,-2223.31
1052.63,-2169.77,-1053.17
-346.55,2831.15,-3996.8
106.98,-419.81,-209.78
621.17,80.96,-300.54
-13.51,-233.68,860.79
710.55,-704.74,447.12
297.32,-702.66,648.08
614.52,-966.17,400.68
314.85,-810.13,581.51
325.55,-726.32,710.83
355.89,-791.23,510.6
354.3,-750.05,531.62
110.26,-693.93,551.84
546.01,-1847.2,551.04
497.3,-1215.47,557.26
243.58,-798.07,584.09
290.57,-799.59,577.96
298.22,-770.54,545.13
393.6,-753.64,555.01
145.2,-716.15,560.49
245.73,-748.29,561.22
178.02,-774.85,557.96
249.44,-753.62,564.72
272.29,-743.57,557.91
308.25,-746.77,542.0
260.6,-739.17,582.36
194.43,-736.6,572.8
328.71,-746.15,570.15
244.95,-759.58,579.67
249.69,-762.74,577.04
298.64,-754.44,580.89
177.04,-734.87,590.55
161.66,-785.21,596.32
215.6,-777.27,595.03
145.82,-772.44,601.12
248.21,-781.66,602.54
173.83,-746.05,598.0
180.77,-775.01,584.5
213.87,-764.65,605.62
209.17,-772.25,596.66
216.38,-750.26,604.66
200.98,-780.76,613.99
238.74,-757.91,574.24
208.24,-774.72,597.51
205.25,-762.65,578.51
219.96,-761.55,578.61
200.76,-750.72,567.61
230.68,-787.95,541.77
212.21,-765.33,533.32
242.1,-757.82,533.02
209.52,-733.74,547.68
334.48,-767.85,543.29
177.06,-792.67,585.72
251.57,-767.58,603.14
204.4,-757.4,625.73
212.07,-765.72,628.27
232.82,-764.35,605.04
225.64,-767.55,587.9
194.72,-751.4,583.17

